promoId,rname,startDate,endDate,discount
Blue quarantine meal,Kam's Chop Suey,2020-02-19,2020-07-17,25
Hot grab item,Sonic Drive-In,2019-12-27,2020-09-05,30
Crazy vacay meal,Crispy Chicken & Seafood,2019-11-26,2020-06-06,35
Cool quarantine order,Gold Star Chili,2020-02-18,2020-07-06,25
Cool day item,Taco Bell/Pizza Hut Express,2020-01-30,2020-06-26,50
Hot day snack,Carl's Jr - Green Burrito,2020-01-19,2020-02-20,55
Smart rest order,The Press Club,2020-01-06,2020-08-20,50
Hot grab item,Rancher's Roast Beef Inc.,2020-04-27,2020-08-21,55
Chill day snack,31st Avenue Gyro,2019-11-11,2020-06-08,35
Romantic holiday food,Aprisa Mexican Cuisine,2020-02-16,2020-09-20,15
Blue day meal,The Halal Guys,2020-03-20,2020-09-17,50
Cool grab food,Fuku,2020-01-26,2020-03-09,55
Smart home item,Integrated Therapy Specialists: Arnold D Larson,2020-05-13,2020-08-05,40
Crazy stay food,Bad Daddys Burger Bar,2020-03-27,2020-07-20,50
Cool quarantine meal,Fallguys Burger Company,2019-11-06,2020-02-23,40
Romantic holiday snack,Scoopers,2019-12-31,2020-04-06,5
Smart stay order,Thrashers French Fries,2020-02-18,2020-10-22,50
Romantic rest order,Your Healthy Habit,2020-01-16,2020-01-18,30
Perfect home food,Culver's,2020-06-13,2020-07-30,45
Smart quarantine order,Smashburger,2019-11-12,2020-02-20,10
Special quarantine order,Ball State Lafollette Dining,2019-11-01,2020-05-15,15
Amazing vacay order,Crown Fried Chicken,2019-11-01,2020-04-02,50
Hot quarantine item,Spangles,2020-08-20,2020-10-03,10
Hot quarantine snack,Food 4 Less,2020-09-08,2020-10-10,50
Great vacay snack,Steak 'N Shake,2019-11-23,2020-09-28,30
White vacay food,Long John Silvers,2020-08-16,2020-10-13,5
Cool stay order,Mariu Kebabberia Gastronomica,2020-02-20,2020-09-09,45
Hot rest meal,Auntie Anne's,2019-12-12,2020-01-06,15
Chill day order,Wendys,2020-03-20,2020-05-09,20
Romantic home food,Great Steak And Potato Co,2020-05-11,2020-10-20,5
Good home snack,King Grill,2019-11-13,2020-07-11,5
Blue holiday item,Rally's Hamburgers,2020-01-03,2020-08-08,10
Crazy home order,Cook-Out,2020-03-04,2020-05-26,5
Super stay order,Chick-fil-a Truett's Luau,2020-03-23,2020-04-06,55
Special stay snack,Taqueria,2019-12-05,2020-02-14,30
Good grab meal,Hunam Garden,2020-01-30,2020-09-19,40
Perfect vacay food,Waffle House,2020-02-10,2020-04-23,10
Perfect holiday order,L&L Hawaiian Barbecue,2019-12-11,2020-09-08,55
Great home item,Capriotti's Sandwich Shop,2020-04-02,2020-09-23,50
Super day item,Carl's Jr,2019-12-19,2020-06-06,15
Hot day snack,Aprisa Mexican Cuisine,2020-07-10,2020-07-21,5
Special home item,Mariu Kebabberia Gastronomica,2020-04-03,2020-10-17,20
Good holiday order,Steak 'N Shake,2020-05-01,2020-07-10,15
Hot vacay meal,Iceberg Drive Inn,2020-04-08,2020-04-16,30
Romantic stay snack,Tom & Jerry's,2019-11-16,2019-12-03,45
Great vacay snack,El Paragua Restaurant,2020-02-15,2020-06-24,15
Special quarantine snack,Cousins Subs,2020-02-07,2020-05-31,10
Super day order,Hometown Buffet,2020-08-27,2020-10-17,10
Blue vacay food,Kfc,2019-11-30,2019-12-17,50
Smart quarantine meal,Charley's Grilled Subs,2019-12-28,2020-09-24,25
Great stay meal,Pizza One,2019-12-04,2020-03-01,20
Hot quarantine meal,Chicken Express,2020-01-30,2020-06-13,50
Hot grab order,Arbys,2020-09-03,2020-09-12,55
Special vacay snack,Hermosa,2020-05-10,2020-07-21,55
Chill day snack,Dan's Seafood & Chicken,2019-11-17,2020-08-03,30
Amazing rest order,Gianni's Pizza,2020-03-11,2020-06-13,30
Blue grab meal,Nick's Gyros,2019-12-18,2020-02-29,10
Great vacay snack,El Pollo Loco,2019-11-30,2020-06-28,50
Blue quarantine meal,Taco Time,2020-05-04,2020-05-21,5
Perfect stay item,Maui Tacos,2020-05-03,2020-05-11,30
Crazy stay order,In-A-Tub,2020-01-28,2020-10-22,30
Cool day order,Seaside Eatery,2020-03-09,2020-06-30,40
Amazing vacay food,Steak 'n Shake,2020-01-07,2020-10-05,35
Hot day food,Waffle House,2020-01-03,2020-06-15,50
Blue rest meal,Carls Jr,2019-12-16,2020-02-15,30
Chill home item,Frisch's Big Boy,2020-04-29,2020-07-16,15
Great stay meal,Arby's Antigo,2020-04-23,2020-05-03,5
Good grab food,Noodles & Company,2020-04-24,2020-08-27,15
Blue vacay item,Subway - Roland Park,2019-12-12,2020-09-25,30
Special quarantine meal,Charlie Browns,2020-03-20,2020-06-21,25
Special stay snack,Charcoal Delights,2020-05-22,2020-06-03,55
Super grab snack,Windmill Gourmet Fast Foods,2020-01-05,2020-10-13,40
Perfect holiday food,Lukes on Harlem,2020-04-05,2020-05-21,40
Blue home meal,Mc Donalds,2020-03-27,2020-10-22,15
Blue holiday order,Luxor Food Court,2020-02-18,2020-09-27,35
Cool day meal,Baskin-Robbins,2019-12-29,2020-10-24,50
Romantic rest snack,Tom's Grill,2020-02-18,2020-06-30,15
Hot day order,Siam To Go,2020-10-05,2020-10-19,50
Amazing rest snack,DQ Grill & Chill / Orange Julius,2020-04-25,2020-09-05,55
White holiday food,Fab Wings N Burgers,2019-12-19,2020-09-06,35
Cool grab meal,Taco Mayo,2019-12-28,2020-09-21,30
Good stay meal,Omega Drive-In,2020-05-28,2020-09-07,50
Chill grab meal,A & W Family Restaurant,2019-12-13,2020-09-09,5
White rest snack,Sarku Japan,2020-02-10,2020-04-09,20
Romantic quarantine order,Thunder Ridge Ampride,2019-11-17,2020-01-19,15
Crazy rest food,Sheetz,2019-11-07,2020-07-08,55
Good quarantine snack,Nielsen's Frozen Custard,2020-08-24,2020-09-10,10
Chill rest order,Sheetz,2020-07-18,2020-09-05,30
White home food,Old Country Buffet,2019-11-12,2020-09-08,50
Crazy stay meal,Chick-Fil-A,2020-05-29,2020-06-23,55
Smart quarantine meal,Dawg House Grill,2020-02-19,2020-04-08,50
Crazy grab meal,Regal Cinemas Tikahtnu  16 IMAX & RPX,2020-10-06,2020-10-15,5
Chill quarantine food,Dunkin Donuts,2020-03-04,2020-10-25,5
Blue home order,Dunkin' Donuts,2020-05-04,2020-08-21,45
Cool rest item,Tropical Smoothie Cafe,2019-12-02,2020-05-27,40
Amazing grab snack,Papagus Gyros,2020-03-20,2020-06-08,50
Special home meal,Kim Lee Fast Food,2020-04-14,2020-07-08,25
Special holiday order,Samurai Sam's,2019-12-28,2020-07-10,10
Special stay meal,Blimpie,2020-08-12,2020-08-30,40
Hot holiday food,name,2020-02-01,2020-05-22,10
Amazing vacay item,Redbox,2019-12-08,2020-10-22,10
Super grab item,Moe's Original Bar B Que,2020-04-06,2020-09-22,5
Amazing stay meal,Goodcents Deli Fresh Subs,2019-11-29,2020-04-01,45
Great quarantine order,Rallys,2020-02-22,2020-08-25,55
Perfect holiday snack,The Pizza Pipe Line,2020-03-02,2020-03-05,35
Crazy grab snack,Papa Johns Pizza,2019-11-30,2020-10-19,25
Blue rest order,Bamboo Bistro,2020-04-06,2020-08-03,15
Amazing quarantine meal,Dan's Seafood & Chicken,2019-11-14,2020-01-14,45
Cool vacay order,Frisch's Big Boy,2020-07-17,2020-07-23,10
Perfect grab order,Auntie Anne's,2020-05-08,2020-10-17,5
Blue day meal,The Biscuit Factory,2019-11-26,2019-12-08,30
Crazy holiday food,Long John Silvers,2019-11-16,2020-06-04,50
Smart grab food,Einstein Bros Bagels,2019-12-28,2020-09-03,25
White day food,Meatheads,2020-04-17,2020-08-03,55
Good stay meal,The Pita Pit,2019-11-09,2020-03-22,10
Smart day order,Jimmy John's,2019-12-08,2020-04-21,25
White vacay snack,D'angelo Grilled Sandwiches,2020-07-18,2020-08-20,35
Perfect holiday meal,Port Of Subs,2020-03-22,2020-04-20,55
Romantic grab item,Scoopers,2019-11-14,2020-03-16,15
Crazy stay item,Church's Chicken,2020-06-01,2020-08-08,40
Chill home snack,Sarku Japan,2020-06-03,2020-07-30,40
Hot home order,Flip Burger Bar,2020-03-07,2020-09-29,50
White rest snack,Gabby's Burgers & Fries,2020-02-29,2020-09-14,30
Super grab food,Burger King Salou,2020-01-19,2020-01-25,45
White rest meal,Saladworks,2020-02-25,2020-09-24,15
Super stay food,A&W All-American Food,2020-08-05,2020-09-01,20
White home food,Pita Pit,2020-01-25,2020-09-23,25
Crazy grab food,Whataburger,2020-06-07,2020-08-16,5
Super home food,KFC - Kentucky Fried Chicken,2020-08-28,2020-10-08,20
Blue rest food,Bad Daddys Burger Bar,2019-12-26,2020-07-31,55
Amazing stay snack,Ryan's,2019-11-01,2020-09-02,25
Crazy grab meal,Jim Bob's Chicken Fingers,2020-04-16,2020-06-26,10
Super day snack,Chuck Wagon,2019-12-22,2020-08-30,15
Smart holiday snack,Garden Fast Food,2020-07-01,2020-07-17,40
Smart rest order,World Wrapps,2020-02-23,2020-05-26,20
Romantic day order,Freddy's Steakburger,2020-04-16,2020-09-29,45
Hot quarantine meal,Popeyes Louisiana Kitchen,2020-04-28,2020-08-05,50
Good day item,St Louis Original Hamburgers,2020-09-13,2020-10-08,40
Amazing day order,Old Country Buffet,2020-02-21,2020-03-26,50
Good quarantine snack,KFC,2020-03-01,2020-05-31,35
Perfect rest order,Firehouse Subs,2019-11-13,2019-12-19,25
Super vacay order,Hardee's / Red Burrito / Dough Boys,2020-02-17,2020-08-17,5
Super home meal,Kings Contrivance Jewelers,2019-11-26,2020-02-23,20
Cool day meal,Tom & Jerry's,2020-03-25,2020-09-27,40
Special vacay meal,Moe's Southwest Grill,2020-03-21,2020-10-26,30
Blue quarantine snack,Home Town Buffet,2020-01-31,2020-10-20,25
Good vacay item,Iceberg Drive Inn,2019-12-24,2020-02-19,20
Cool vacay meal,Pita Pit,2019-12-05,2020-07-22,45
Romantic vacay food,A&w Restaurant,2020-01-08,2020-06-06,45
Super holiday meal,A&W,2020-01-29,2020-10-27,50
Amazing rest snack,Boston Market,2019-12-03,2020-01-13,20
Good stay item,Einstein Bros Bagels,2020-06-06,2020-06-13,35
Smart quarantine meal,Cousins Subs of Green Bay - Oneida St. & Ramada Way,2019-12-11,2020-10-17,55
Smart quarantine snack,St Louis Original Hamburgers,2019-11-05,2019-12-25,50
Crazy holiday order,Quizno's +,2020-03-27,2020-07-04,25
Amazing quarantine order,Papa John's,2019-11-12,2019-12-15,15
Crazy holiday item,Mazatlan Mexican Restaurant,2020-02-23,2020-10-15,25
White stay order,Schlotzsky's,2020-04-28,2020-10-10,30
Crazy day meal,Penguin Point,2020-02-15,2020-03-03,50
Chill holiday meal,A&W All-American Food,2020-02-06,2020-08-04,5
Perfect stay order,Ll Hawaiian Barbecue,2019-12-19,2020-03-20,45
Crazy holiday snack,Gold Star Chili,2020-02-01,2020-10-01,45
Hot holiday snack,Milo's Hamburgers,2020-04-25,2020-08-30,10
Crazy grab food,Cinnabon,2019-12-10,2020-09-26,5
Great rest meal,Domino's Pizza,2020-04-16,2020-09-19,55
Blue rest item,Bob Evans Restaurant,2020-02-06,2020-10-17,35
Super home order,DQ Grill & Chill,2020-01-28,2020-04-30,25
Smart vacay meal,Windmill Gourmet Fast Foods,2020-06-27,2020-07-25,5
White grab meal,P. Terry's,2020-05-03,2020-05-14,20
Good day food,Hot Dog on a Stick,2019-12-12,2020-03-14,10
Amazing grab item,Boston Market 381,2020-02-11,2020-08-18,15
Hot home order,Wingstop,2019-12-07,2020-08-11,5
Great rest order,Charlie Browns,2020-03-06,2020-09-13,10
Good day food,Flip Burger Bar,2020-04-23,2020-10-22,15
Cool quarantine snack,Denton's,2020-06-10,2020-07-30,10
Blue grab meal,Chick-fil-a Magnolia Mall,2019-11-05,2020-06-12,10
Romantic quarantine meal,Krystal,2020-05-31,2020-07-03,5
Crazy holiday snack,Vista Drive In,2019-11-08,2019-11-30,5
Good rest meal,Dairy Freeze,2020-03-21,2020-06-08,55
Cool vacay meal,Del Taco,2019-11-06,2020-01-15,50
Cool quarantine food,Nick's Burgers,2020-02-20,2020-03-03,20
Great quarantine food,Sonic Drive-in (trailer),2019-11-16,2020-03-31,5
Good rest food,Royal Buffet,2020-05-03,2020-08-28,30
Cool grab meal,Rancher's Roast Beef Inc.,2019-12-25,2020-01-04,35
Crazy day meal,Buds Chicken & Seafood,2020-01-30,2020-08-28,55
Perfect holiday order,Pita Pit,2020-01-02,2020-09-13,20
White home snack,Your Healthy Habit,2020-04-20,2020-09-08,25
Amazing holiday order,Papa Johns Pizza,2020-02-13,2020-08-20,45
Chill rest item,Cypress Best,2020-03-22,2020-09-15,5
Good vacay snack,Carl's Jr - Green Burrito,2020-02-27,2020-06-20,35
Chill rest snack,Pizza Factory,2020-06-24,2020-10-05,55
Chill day snack,Checkers,2020-03-15,2020-03-21,25
White grab item,Rapid Ray's,2020-01-02,2020-02-28,20
Amazing day meal,Subway Sandwiches,2019-11-29,2020-02-03,5
Chill holiday order,Rafael's,2020-01-02,2020-07-19,50
Smart rest meal,Scoopers,2019-12-22,2020-02-28,40
Crazy stay snack,Islands Restaurant,2019-12-14,2020-07-18,5
Special rest food,Long John Silvers,2020-01-06,2020-08-18,10
Hot day snack,McDonald's,2020-02-06,2020-06-15,30
Smart quarantine order,Five Guys,2020-07-23,2020-10-24,55
Blue rest item,Blimpie,2020-01-23,2020-04-17,40
Crazy vacay food,Carl's / Green Burrito,2020-08-28,2020-10-28,5
Amazing vacay order,Dairy Queen,2019-11-09,2020-07-07,40
Crazy home item,7-11,2019-11-06,2020-07-19,45
White quarantine snack,Popeye's Chicken & Biscuits,2020-02-14,2020-04-05,20
Cool quarantine snack,Jolly's Drive-In,2019-11-15,2020-05-26,55
Super vacay order,Ll Hawaiian Barbecue,2019-11-25,2020-04-29,30
Cool quarantine snack,Rally's Hamburgers,2019-12-30,2020-09-26,25
Amazing day meal,Kerby's Koney Island,2020-01-26,2020-02-22,50
Good holiday snack,Qdoba Mexican Grill,2019-11-30,2020-09-07,30
Amazing day order,Peking Wok,2020-02-06,2020-03-05,30
Great home order,Loco Moco Drive-Inn,2020-06-12,2020-09-19,5
Blue stay food,Home Town Buffet,2020-01-14,2020-04-17,45
Cool vacay snack,Baker's Drive Thru,2020-05-16,2020-06-14,5
Hot day item,Pizza Express,2020-01-13,2020-05-06,50
Cool stay meal,Coop DeVille,2019-12-10,2020-07-21,5
Super stay order,Roly Poly,2020-04-06,2020-07-31,45
Great quarantine snack,Mocha Express,2019-12-02,2020-03-20,40
Romantic day food,Cafe Rio,2019-12-15,2020-05-10,50
Hot quarantine food,Pacific Rim,2020-05-10,2020-10-11,25
Perfect vacay order,Taco Time,2020-06-22,2020-09-22,15
Blue quarantine snack,Garden Fast Food,2020-02-27,2020-05-14,5
Good day item,Rahway Chicken & Burger Inc,2020-06-17,2020-07-10,55
Smart vacay food,KFC / Taco Bell,2020-06-07,2020-06-17,40
Cool home meal,Seaside Eatery,2020-01-14,2020-02-16,55
Cool day item,Geno's Fast Break,2020-04-08,2020-05-05,55
Blue holiday item,Mc Donald's,2020-04-22,2020-05-20,10
Chill home meal,Bad Daddys Burger Bar,2019-12-24,2020-07-21,55
Romantic rest food,Nathan's Famous,2019-11-26,2020-04-15,10
Crazy holiday snack,Mickey's Gyros & Ribs,2020-05-11,2020-10-27,55
Romantic home food,Boston Market 381,2020-01-29,2020-07-19,55
Good grab snack,Char-Grill,2020-03-22,2020-10-15,20
Special day order,Omega Drive-In,2020-04-27,2020-07-01,25
Romantic rest snack,Jack's,2020-04-16,2020-05-06,10
Romantic quarantine meal,Papa Johns,2020-04-17,2020-06-14,5
Smart holiday food,Cusinera,2019-11-13,2020-08-19,40
White stay item,Rancher's Roast Beef Inc.,2020-02-14,2020-05-21,25
Romantic vacay order,Wetzel's Pretzels,2020-02-25,2020-06-23,25
Perfect rest food,Shoney's on the Go,2019-11-01,2020-07-30,40
Amazing home item,Rocky's,2020-06-12,2020-06-13,35
Super vacay item,The Pita Pit,2019-12-13,2020-02-14,20
Super grab meal,Burger's Landing,2020-07-08,2020-08-29,35
Amazing vacay item,Milo's Hamburgers,2020-06-02,2020-07-17,15
Crazy home food,Jimmy Johns,2019-11-11,2020-02-18,25
Super quarantine snack,Rahway Chicken & Burger Inc,2019-11-09,2020-08-16,20
Chill home order,Runza,2019-11-17,2020-05-31,55
Great vacay item,Chick-fil-a Truett's Luau,2020-06-12,2020-09-13,50
Smart vacay meal,Wienerschnitzel,2019-11-14,2019-12-16,20
Romantic vacay order,Breadeaux Pizza,2019-11-24,2020-07-04,30
Chill quarantine item,Mario's Natural Roman Pizza,2020-01-24,2020-09-10,30
Great vacay meal,Hot Dog on a Stick,2020-01-19,2020-04-17,25
Super day snack,Shot Tower Inn,2020-08-16,2020-09-09,15
Hot rest food,Bob Evans,2020-02-22,2020-09-24,50
White stay meal,Chuck Wagon,2020-05-31,2020-09-19,45
Crazy vacay order,Hardee's / Red Burrito,2020-09-28,2020-10-27,25
Chill grab food,Vista Drive In,2020-01-13,2020-04-29,45
White grab item,Royal Buffet,2019-11-13,2019-12-16,25
Hot quarantine order,Alice's,2020-05-01,2020-06-25,15
Amazing quarantine item,Burger King,2020-02-02,2020-09-23,35
Smart stay meal,Maui Tacos,2020-02-09,2020-04-19,40
White grab item,Simmies Arirang Hill Cheese Steak,2020-01-07,2020-10-12,55
White stay item,Pita Pit,2020-02-21,2020-09-08,30
Super rest item,Wu's Fine Chinese Cuisine,2019-12-09,2020-06-11,40
Special holiday snack,Lime Ricky World,2020-08-17,2020-09-07,45
Blue day food,Red Robin Gourmet Burgers,2020-07-13,2020-07-13,50
Amazing holiday item,Froots,2020-05-03,2020-07-10,20
Super quarantine food,KFC / Taco Bell,2019-11-12,2020-05-29,40
Blue day order,Long John Silver's,2020-02-19,2020-02-29,30
Romantic holiday food,Elevation Burger,2020-01-25,2020-04-21,15
White holiday order,Wendy Two Two Eight,2020-04-06,2020-06-08,45
Special vacay food,Mcdonald's #25557,2019-11-30,2019-12-14,55
Great stay meal,Thunder Ridge Ampride,2020-01-30,2020-08-04,55
Amazing holiday food,Checker's Drive-in Restaurant,2020-06-15,2020-09-26,40
White stay order,Pop-A-Nugget,2020-09-04,2020-09-11,55
Perfect quarantine item,Taco Del Mar,2019-11-28,2020-05-29,30
Cool stay food,Sbarro,2020-01-03,2020-05-17,15
Special grab meal,Subway Sandwiches and Salads,2019-12-17,2020-02-22,10
White rest food,Pick Up Stix,2019-11-09,2020-02-21,45
Cool rest snack,Tom's Grill,2020-06-08,2020-07-04,40
Super quarantine food,Wingstop,2020-05-27,2020-09-26,25
Romantic grab order,Little Caesars Pizza,2020-06-15,2020-07-18,50
White home item,Jolly's Drive-In,2020-05-28,2020-06-24,15
Cool rest meal,Subway Guitars,2019-11-26,2020-06-20,25
Hot day item,In-A-Tub,2020-03-01,2020-07-10,15
Smart home food,Hamburger King,2020-05-11,2020-07-20,45
Perfect quarantine order,China Buddha Inn II,2020-06-10,2020-08-24,15
Perfect stay snack,Strongwater Spirits & Botanicals,2019-12-30,2020-09-03,50
Smart quarantine item,Handy's Lunch,2020-02-21,2020-10-13,45
Amazing home meal,Love's,2020-04-10,2020-10-17,45
Special home food,Sonic Drive-in (trailer),2020-06-09,2020-09-03,25
Great holiday order,Boston Chowda Company,2020-08-16,2020-10-14,10
Blue rest item,Pizza Hut Wingstreet,2019-11-16,2020-02-04,5
Chill home snack,Long John Silvers / A&W,2020-06-07,2020-06-14,55
Romantic home food,Strongwater Spirits & Botanicals,2020-09-23,2020-10-17,45
Super stay item,The Press Club,2020-05-31,2020-05-31,55
Amazing vacay order,Don & Millie's,2019-12-05,2019-12-13,45
Chill vacay food,Redbox,2020-08-17,2020-09-05,50
Blue quarantine order,Carl's / Green Burrito,2020-04-08,2020-05-05,10
Hot holiday snack,Hot Dog on a Stick,2020-02-26,2020-08-29,15
Super day snack,Dairy Queen,2020-01-05,2020-08-05,35
Special quarantine meal,Tommy's Sub Shop,2019-11-16,2020-04-12,25
Super quarantine order,McDonalds,2020-03-28,2020-09-30,25
Smart quarantine item,Islands Restaurant,2019-11-26,2020-02-02,20
Cool holiday item,Sheetz,2019-11-22,2020-05-17,20
Good stay snack,Alice's,2019-11-10,2020-01-13,20
White stay order,Kennedy Fried Chicken & Pizza,2019-12-04,2020-08-10,25
Blue day food,Subway Sandwiches and Salads,2019-11-08,2020-05-26,5
Super vacay item,B. Good,2020-07-11,2020-07-21,10
Amazing quarantine food,King Grill,2020-08-16,2020-09-28,30
Good home food,Don & Millie's,2020-06-04,2020-09-03,35
Romantic holiday order,The Halal Guys,2019-11-30,2019-12-16,35
Good grab snack,Bamboo Bistro,2020-05-03,2020-07-21,55
Amazing home item,Bob Evans,2020-06-27,2020-07-24,55
Chill vacay snack,Omelette House,2020-01-29,2020-04-06,25
Hot vacay snack,Popeye's Chicken & Biscuits,2019-11-30,2020-09-03,25
Hot stay item,QDOBA Mexican Eats,2019-11-22,2019-12-23,20
Smart rest food,Kasa's Pizza,2020-05-10,2020-05-27,55
Special holiday food,Burgerville,2020-06-12,2020-09-04,55
Good holiday snack,Spangle's,2019-11-18,2020-03-15,30
Super quarantine meal,Little Caesar's Pizza Smithfield,2020-01-18,2020-06-26,25
Great holiday item,Carl's Jr / Green Burrito,2019-11-08,2020-01-15,20
Cool stay meal,Rafael's,2020-05-20,2020-06-28,10
Hot day item,Carl's / Green Burrito,2020-06-28,2020-09-28,50
Smart day item,Taco Bell,2020-02-26,2020-06-08,20
Crazy home food,St Louis Original Hamburgers,2020-03-06,2020-08-26,55
Perfect quarantine order,Carl's Jr. / Green Burrito,2019-11-07,2020-02-11,20
Blue day snack,Shoney's on the Go,2020-02-06,2020-07-08,45
Special home snack,Zaxby's,2020-05-19,2020-09-17,30
Perfect grab meal,Lee's Oriental Martial Arts,2020-08-16,2020-09-08,35
Cool stay meal,Taqueria,2019-11-13,2020-07-07,40
Perfect day meal,Saladworks,2019-12-14,2020-05-08,25
Great home snack,Dunkin Donuts,2020-01-13,2020-10-27,30
Good vacay food,Ny Chicken Fish,2019-12-05,2020-02-06,5
White vacay snack,The Press Club,2020-02-17,2020-10-31,50
White stay order,Flash Foods / McDonald's,2019-12-24,2020-01-05,40
Romantic grab snack,Carls Jr. / Green Burrito,2020-03-03,2020-06-10,55
White day item,Taco Bell,2020-01-31,2020-10-17,25
Super day order,Wings And Philly,2020-05-31,2020-09-26,25
Hot holiday snack,Richie's Restaurant,2019-12-15,2020-05-11,5
Hot home meal,Taco Bueno,2020-05-26,2020-08-27,15
Blue quarantine item,BLIMPIE,2020-07-21,2020-08-22,55
Smart holiday food,Tom's Drive In,2020-02-14,2020-08-03,15
Super day food,Taco Del Mar,2020-07-30,2020-08-07,15
Special day food,Hoka Hoka Bento,2020-05-13,2020-08-04,15
Good home food,Twisters,2020-06-06,2020-07-17,5
Cool vacay snack,Nick's Gyros,2020-04-06,2020-05-26,20
Hot holiday item,Bills Place,2020-02-24,2020-04-02,50
Hot holiday snack,Lee's Famous Recipe Chicken,2020-03-22,2020-10-18,25
Great rest snack,Sconecutter,2020-02-26,2020-05-27,30
Great rest food,Sheetz,2020-02-15,2020-08-24,20
White stay meal,Five Guys,2019-11-14,2020-09-30,30
Great stay item,Fab Wings N Burgers,2020-02-04,2020-10-28,10
Hot stay food,Lee's Famous Recipe Chicken,2020-01-13,2020-01-17,45
Good rest meal,Exxon,2020-07-24,2020-08-11,55
Crazy holiday order,Checkers,2020-07-30,2020-10-18,30
Hot vacay meal,Subway Guitars,2019-11-24,2020-03-28,20
Blue day snack,Moe's Southwest Grill,2020-02-02,2020-02-24,50
Cool vacay meal,Osgood's,2020-03-20,2020-10-18,10
Chill vacay food,Sonic Drive In,2020-04-14,2020-04-25,40
Special grab snack,Jack Pirtles Chicken,2020-04-08,2020-04-14,55
Super quarantine food,Quizno's +,2020-02-24,2020-07-10,5
Blue quarantine order,Mazatlan Mexican Restaurant,2020-05-17,2020-10-01,40
Cool home snack,A & W Family Restaurant,2020-07-31,2020-10-19,30
Crazy holiday order,Long John Silver's / A&W,2020-09-06,2020-10-18,50
Smart rest order,Capriotti's Sandwich Shop,2020-04-24,2020-07-23,25
Great day meal,Kennedy Fried Chicken & Pizza,2020-01-25,2020-03-22,5
White holiday item,Popeyes Chicken and Biscuits,2019-12-27,2020-07-22,45
Romantic stay item,name,2020-02-03,2020-08-27,20
Good quarantine snack,Quick,2020-03-21,2020-06-17,30
Chill stay meal,Cook Out,2019-11-22,2020-02-24,5
Crazy grab snack,Nielsen's Frozen Custard,2020-04-04,2020-10-23,30
Smart quarantine meal,Brixton's,2020-06-01,2020-09-25,40
White day order,A&W/Long John Silvers,2020-01-28,2020-02-01,50
Crazy grab food,Luby's,2020-05-08,2020-10-13,10
Hot vacay item,Dan's Seafood & Chicken,2019-11-13,2020-09-16,15
Good holiday snack,Port of Subs,2019-12-28,2020-10-15,45
Perfect stay item,Mr. Hero,2020-09-24,2020-09-26,10
Crazy home snack,Cafe Rio,2020-07-20,2020-10-17,35
Romantic grab food,Mr Char-Burger,2020-05-06,2020-10-21,45
Amazing quarantine snack,Cinnabon,2020-04-04,2020-05-26,50
Crazy day snack,A&W,2020-02-22,2020-03-20,10
Cool quarantine item,Hardee's,2020-05-04,2020-07-19,35
Cool day meal,Mayfair Boardwalk Grill,2020-05-26,2020-06-16,35
Amazing holiday snack,Yum Brands Inc,2020-04-29,2020-07-27,55
Cool grab item,Jim's Coney Island,2020-08-08,2020-08-20,20
Romantic rest food,Jason's Deli,2020-04-14,2020-06-16,5
Great grab food,Taco Casa,2020-04-15,2020-10-23,10
Crazy grab food,Taco Local,2019-12-25,2020-05-26,45
Super stay meal,Quizno's +,2020-02-14,2020-08-19,15
Chill day item,Strongwater Spirits & Botanicals,2020-04-08,2020-09-10,25
Amazing home snack,Checker's Drive-in Restaurant,2020-04-01,2020-05-17,30
Perfect stay snack,Dq Grill & Chill,2020-04-28,2020-10-24,30
Good vacay item,Siam To Go,2020-03-31,2020-06-14,30
Blue vacay food,Wendy Two Two Eight,2020-05-08,2020-08-03,50
Chill rest item,Shloma Inc,2019-12-11,2020-07-17,10
Great grab snack,Pollo Tropical,2020-02-03,2020-04-23,25
Romantic rest meal,Arby's,2020-10-03,2020-10-24,45
Great home snack,Blondies,2020-01-12,2020-06-12,25
Hot home food,Mickey's Gyros & Ribs,2020-02-25,2020-08-12,55
Hot grab order,Mc Donalds,2020-01-01,2020-01-13,5
Blue vacay meal,Baja Fresh,2020-02-06,2020-03-29,50
Romantic home meal,Rahway Chicken & Burger Inc,2020-08-12,2020-09-13,20
Special holiday meal,Wienerschnitzel,2019-12-25,2020-01-13,15
Romantic quarantine order,Cookout,2020-01-22,2020-09-14,20
Amazing stay meal,Milo's Hamburgers,2020-04-29,2020-06-12,5
Blue vacay order,Fuku,2020-03-23,2020-05-05,50
Great holiday food,Burger Time,2020-02-14,2020-07-03,10
Perfect stay item,Fatburger,2020-06-04,2020-10-26,25
Super home meal,Los Verdes,2020-01-23,2020-08-22,20
Amazing day order,In-A-Tub,2020-02-05,2020-03-26,40
Cool day item,Chick-fil-a,2020-04-14,2020-05-14,40
Hot holiday order,Aprisa Mexican Cuisine,2019-12-10,2020-05-02,35
Crazy home item,Firehouse Subs,2020-02-10,2020-09-01,50
Smart rest snack,Pal's Sudden Service,2020-05-15,2020-06-02,55
Special home snack,Ball State Lafollette Dining,2020-05-20,2020-06-27,45
White stay meal,Taco Casa,2019-11-19,2020-07-04,10
Chill quarantine snack,Travelcenters of America,2020-03-01,2020-09-19,30
Hot grab order,Rafael's,2019-11-09,2019-12-29,25
White day item,Rocky's,2020-02-05,2020-09-10,55
Cool day snack,Popeye's Louisiana Kitchen,2020-06-08,2020-07-01,20
Perfect quarantine order,A&W All American Food,2020-01-20,2020-02-15,20
Great grab item,Mazatlan Mexican Restaurant,2020-04-05,2020-07-07,45
Romantic stay order,Sonic Drive In,2020-03-04,2020-05-21,50
White stay food,Spangles,2020-09-27,2020-10-17,40
White grab meal,Panera Bread,2020-03-02,2020-07-18,35
Romantic stay order,Toppers Pizza,2020-02-20,2020-10-17,35
Blue home food,South-A-Philly Steaks and Hoagies,2020-03-05,2020-09-08,20
White stay snack,Carl's Jr / Green Burrito,2020-06-08,2020-08-05,15
Super home snack,Hardees,2020-08-17,2020-10-05,30
Special day food,Royal Buffet,2020-01-02,2020-04-03,45
Crazy holiday food,Sonic Drive-in (trailer),2020-03-06,2020-09-30,10
Smart vacay food,Raising Cane's Chicken Fingers,2020-06-10,2020-10-19,15
Chill grab item,Kum & Go,2019-11-23,2020-07-28,20
Chill vacay snack,Arctic Circle,2020-08-16,2020-09-13,40
Special grab food,Great Steak,2020-03-27,2020-04-22,40
Great grab snack,Ernie's All American Burger,2019-11-10,2020-03-28,50
Special rest snack,Scoopers,2020-04-17,2020-08-02,5
Crazy home order,Pizza Factory,2020-09-20,2020-10-17,10
Chill vacay order,Long John Silver/ A&W,2020-04-02,2020-04-30,20
Chill holiday item,Subway Sandwiches,2019-12-11,2020-10-31,15
Cool stay snack,Mario's Natural Roman Pizza,2020-01-09,2020-06-30,25
Super quarantine order,Breadeaux Pizza,2020-05-27,2020-08-29,25
Cool home order,Fitness 19,2020-07-23,2020-07-31,20
Chill day item,Furr's,2020-02-15,2020-08-18,25
Great vacay snack,A&w Restaurant,2020-04-04,2020-09-24,35
White home food,Nick's Burgers,2020-07-26,2020-09-23,15
Romantic stay food,Thunder Ridge Ampride,2020-05-23,2020-07-24,55
White day food,Teddy's Bigger Burgers,2020-09-12,2020-10-13,15
Perfect rest item,Northeastern State University,2020-03-20,2020-06-15,25
Special grab item,Music City Subs,2020-02-06,2020-08-11,25
Smart holiday meal,Steak 'n Shake,2020-03-04,2020-07-17,45
Romantic rest order,White Castle,2019-11-11,2020-04-06,20
Hot holiday food,Thrashers French Fries,2020-01-11,2020-01-29,55
Smart vacay food,Popeye's Chicken,2020-03-16,2020-09-06,30
Super vacay meal,Quick,2019-11-22,2020-05-21,20
Hot day item,Waffle House,2020-03-05,2020-05-26,20
White vacay order,Jimmy John's,2020-05-11,2020-09-21,45
Crazy holiday meal,Steak 'N Shake,2020-07-08,2020-07-19,25
Hot grab food,Arby's,2020-02-06,2020-02-06,35
Good grab snack,P. Terry's,2020-02-22,2020-10-03,35
Super holiday snack,Waffle House,2019-12-27,2020-09-22,25
Cool quarantine meal,Sarku Japan,2019-11-08,2020-09-07,50
Crazy vacay item,Popeyes Chicken and Biscuits,2020-05-26,2020-09-30,30
Special day item,Hometown Buffet,2020-08-08,2020-09-20,15
Smart rest snack,Baskin-Robbins,2020-08-16,2020-10-11,40
Good stay snack,Jacks Grocery,2019-12-16,2020-01-19,30
Romantic stay item,Qdoba Mexican Grill,2020-05-01,2020-05-05,55
Smart holiday snack,Skyline Chili,2020-03-14,2020-08-22,10
Special vacay order,Mcdonald's,2020-02-18,2020-09-27,30
Cool quarantine food,Seaside Eatery,2020-03-04,2020-03-06,45
Cool grab item,BIG & little's Restaurant,2020-08-08,2020-10-03,10
Chill quarantine meal,Portillo's,2020-02-07,2020-07-10,10
Crazy rest snack,Fred's Store,2020-10-20,2020-10-30,50
Perfect quarantine order,McDonald's,2019-11-01,2019-12-16,20
Super grab order,Charcoal Delights,2019-12-16,2020-09-06,45
Amazing vacay meal,Little Caesar's Pizza Smithfield,2019-12-19,2020-04-28,25
Cool vacay food,A & W Family Restaurant,2019-11-01,2020-07-13,45
Amazing home item,In-A-Tub,2020-06-23,2020-10-11,10
Romantic quarantine snack,The People Connection,2020-08-17,2020-09-24,55
Super holiday item,Granny's Drive-In,2019-12-12,2020-06-03,35
Amazing vacay meal,Sheetz,2019-12-19,2020-04-14,30
White stay snack,Long John Silver/ A&W,2019-12-19,2020-05-04,35
Special vacay order,Red Robin Gourmet Burgers,2020-02-15,2020-05-21,40
Special holiday order,Tom's Drive In,2020-05-21,2020-07-13,50
Cool grab food,Sonic Drive In,2020-02-14,2020-04-08,30
Hot stay snack,Kum & Go,2019-11-30,2020-07-26,55
Special day food,Omelette House,2019-12-09,2019-12-30,35
Special grab meal,Hometown Buffet,2020-01-07,2020-07-06,45
Smart day order,Chick-fil-a Magnolia Mall,2020-01-06,2020-02-14,50
Chill day order,AJ's Hotdogs & Gyros,2019-11-11,2020-07-30,5
Amazing quarantine meal,Spangle's,2020-05-06,2020-10-04,5
Good rest meal,Great Steak,2020-02-07,2020-07-29,45
Cool grab meal,Stars Drive-In,2020-02-14,2020-05-28,35
Great rest snack,Kentucky Fried Chicken,2019-12-30,2020-06-15,55
Amazing quarantine item,Jason's Deli,2019-12-19,2020-09-13,5
Super grab item,Qdoba Mexican Eats,2019-12-16,2020-05-17,55
Cool grab food,Shot Tower Inn,2020-02-09,2020-07-27,40
Super day meal,Wendy's,2020-06-27,2020-09-27,45
Perfect grab item,Hungry Andy's,2020-05-14,2020-08-18,25
Good vacay meal,Subway Citgo of Quarryville,2020-04-02,2020-07-23,55
Crazy day item,Boston Chowda Company,2020-03-05,2020-06-01,30
Blue holiday order,SONIC Drive In,2020-02-29,2020-03-16,45
Hot vacay item,B. Good,2020-02-23,2020-04-23,30
Smart home item,Frisch's Big Boy,2019-11-13,2019-11-19,10
Blue stay snack,Greyhound,2019-11-30,2020-03-31,10
Blue stay food,Chipotle Mexican Grill,2020-03-23,2020-08-27,50
Amazing quarantine meal,Dq Grill & Chill,2019-12-15,2020-10-16,15
Great vacay food,Isabella's Pizzeria,2020-02-01,2020-04-07,5
Good holiday food,Mr Hero,2020-07-17,2020-09-23,40
Crazy vacay order,Subway Citgo of Quarryville,2020-05-21,2020-06-24,20
Special day meal,name,2019-11-30,2020-04-14,50
Special vacay snack,The Chicken Place,2020-10-13,2020-10-22,10
Good vacay meal,Burgerville,2019-12-26,2020-08-05,15
Blue stay order,Gold Star Chili,2020-02-13,2020-07-20,25
Crazy grab meal,Jollibee,2019-11-05,2020-06-02,45
Smart grab item,Aw Restaurant,2019-12-19,2020-10-20,25
Smart rest meal,Round Table Pizza,2020-10-16,2020-10-21,20
White vacay snack,Taco Bell/Pizza Hut Express,2020-03-21,2020-09-19,40
White home snack,LocoL,2020-01-09,2020-10-06,5
Hot rest snack,Kum Go,2020-03-14,2020-10-27,30
White rest meal,Blondies,2020-01-30,2020-02-07,30
Perfect quarantine snack,Geno's Fast Break,2020-04-29,2020-05-26,30
White stay meal,Quick,2020-07-21,2020-09-03,50
Crazy quarantine item,Integrated Therapy Specialists: Arnold D Larson,2020-03-04,2020-05-24,25
Great vacay food,Travelcenters of America,2020-07-08,2020-08-22,30
Great home order,Arbys,2020-09-26,2020-10-28,50
Good rest item,Rally's Hamburgers,2020-07-22,2020-09-04,30
Romantic vacay order,Braum's,2019-12-29,2020-04-07,5
Cool home item,Shepard's Drive-In,2020-02-18,2020-09-05,40
Chill rest item,Dominos Pizza,2020-03-08,2020-04-23,50
Crazy home order,Car's Late Night Delivery,2020-06-18,2020-07-21,25
Amazing rest item,Ziti's Italian Express,2019-12-15,2020-06-13,10
Great home item,Backyard Burgers,2019-11-26,2020-03-22,35
Romantic holiday snack,KFC - Kentucky Fried Chicken,2020-09-26,2020-10-24,30
Crazy vacay food,Geno's Fast Break,2020-06-10,2020-07-11,40
Good rest item,B Z Breakfast Burgers Beyond,2020-04-29,2020-05-11,15
White rest food,Charcoal Delights,2020-01-03,2020-03-11,10
Crazy grab meal,Chuck Wagon,2020-07-01,2020-08-28,5
Super quarantine food,Jollibee,2020-03-04,2020-05-06,45
Amazing quarantine meal,Cherry Hill Drive In Ice Cream,2020-02-09,2020-06-07,55
Great holiday food,Osgood's,2020-05-26,2020-06-01,30
Perfect stay snack,Flash Foods / McDonald's,2020-04-05,2020-07-21,35
Romantic day snack,Richie's Restaurant,2020-02-18,2020-10-30,45
Blue stay snack,Sammy Carry-Out,2020-06-28,2020-08-23,25
Amazing quarantine meal,Dairy Queen,2020-07-31,2020-08-17,10
Hot rest snack,Taco John's,2020-06-17,2020-08-28,30
Perfect home snack,Peking Wok,2020-01-25,2020-07-24,50
Blue grab order,Famous Dave's,2020-02-13,2020-06-23,5
Great home order,Church's Chicken,2020-02-14,2020-10-12,35
Special holiday meal,Taco Cabana,2019-12-31,2020-04-16,25
Amazing grab meal,Charcoal Delights,2020-01-06,2020-06-28,50
Special vacay item,Sammy Carry-Out,2020-04-24,2020-07-21,55
White day item,Hardee's / Red Burrito / Dough Boys,2020-05-31,2020-08-23,35
Chill home item,A&W All-American Foods,2020-05-11,2020-07-08,10
Hot vacay item,Hermosa,2019-12-26,2020-07-24,10
Special stay item,Crystal Restaurant,2020-05-18,2020-09-23,35
Chill stay food,Nick's Gyros,2020-06-08,2020-07-25,30
Crazy grab order,Pollo Campero,2019-12-03,2020-02-07,25
White grab snack,Rally's Hamburgers,2020-02-18,2020-06-24,5
Great home snack,Los Verdes,2020-04-02,2020-09-16,45
Perfect home snack,Taco Delight,2020-01-29,2020-06-02,55
Hot stay meal,Moe's Original Bar B Que,2020-07-13,2020-09-16,25
Special grab snack,Bob Evans Restaurant,2020-05-12,2020-09-17,5
Good day meal,SONIC Drive-In,2019-12-28,2020-05-19,30
Blue holiday snack,Northeastern State University,2020-01-16,2020-06-21,15
Blue rest snack,Taco Del Mar,2020-05-25,2020-05-29,20
Perfect vacay meal,Runza,2019-12-17,2020-07-16,40
Blue day food,In-N-Out Burger,2020-05-24,2020-08-10,55
Smart quarantine order,Froots,2020-02-27,2020-10-10,30
White day meal,Pizza Express,2019-12-25,2020-07-18,40
Chill day food,Charlie's Chicken,2020-01-24,2020-03-04,40
Perfect quarantine snack,ShopRite,2019-11-06,2020-07-23,10
Chill rest order,Ryan's,2019-12-15,2020-10-05,15
Good vacay meal,Woody's Sloppy Dogs,2020-06-05,2020-09-05,40
Cool rest order,Music City Subs,2019-11-10,2020-10-12,55
Amazing holiday meal,Raising Cane's,2020-06-28,2020-07-08,45
Blue grab food,Mcalister's Deli,2020-03-29,2020-04-29,40
Blue day meal,DQ Woodlands,2019-12-12,2020-02-27,35
White home order,Los Verdes,2020-04-23,2020-09-13,50
Blue quarantine snack,Buds Chicken & Seafood,2020-09-26,2020-10-06,20
Crazy home item,Gabby's Burgers & Fries,2020-02-14,2020-10-14,30
Special stay meal,Yellow Cab Pizza Co.,2020-04-05,2020-10-14,10
White home item,Fitness 19,2020-04-02,2020-10-05,20
Chill home order,Carl's Jr. / Green Burrito,2019-11-10,2020-03-25,45
Hot stay meal,Everest,2019-11-30,2020-08-24,15
Perfect quarantine order,Papa John's,2020-09-27,2020-10-10,25
Crazy quarantine item,Cinnabon,2019-11-07,2019-12-25,30
White vacay order,Papa Johns,2020-06-26,2020-08-18,45
Crazy stay meal,Cousins Subs of Green Bay - Oneida St. & Ramada Way,2020-01-04,2020-02-14,20
Chill holiday order,Hegenburgers,2020-02-08,2020-02-14,50
Smart holiday meal,Long John Silvers / A&W,2019-11-11,2020-03-09,25
Special holiday food,DQ Grill & Chill / Orange Julius,2019-11-19,2020-08-19,20
Perfect vacay snack,Kum & Go,2019-12-15,2019-12-27,15
Blue grab food,Old Country Buffet,2020-01-23,2020-08-05,5
Amazing vacay snack,Penn Station East Coast Subs,2020-06-11,2020-07-06,55
Crazy rest order,Mocha Express,2020-06-15,2020-08-17,50
Blue day snack,Dominos Pizza,2019-12-28,2020-01-20,5
Blue holiday order,Freddy's Steakburger,2020-03-29,2020-08-29,15
Amazing vacay meal,Home Town Buffet,2020-06-08,2020-07-27,15
Romantic vacay meal,Bojangles' Famous Chicken 'n Biscuits,2019-11-28,2020-09-04,35
Cool stay meal,Flip Burger Bar,2019-12-13,2020-08-28,35
Perfect quarantine food,Nick's Burgers,2019-12-26,2020-07-10,45
Chill quarantine order,Arby's,2020-03-26,2020-09-03,40
White vacay item,Don & Millie's,2020-05-06,2020-10-15,50
Amazing day food,Dan's Seafood & Chicken,2020-02-15,2020-07-11,10
Romantic home item,Portillo's,2020-06-13,2020-08-29,55
Smart holiday food,Blakes Lotaburger,2020-03-21,2020-06-30,35
Blue quarantine snack,Roly Poly,2019-11-05,2020-08-05,30
Hot grab order,Roly Poly,2020-05-10,2020-06-16,40
Smart vacay item,Smashburger,2020-05-10,2020-06-25,20
Amazing day food,Mcalister's Deli,2020-06-04,2020-06-18,30
Chill holiday food,Tasty Carryout,2020-05-15,2020-05-26,10
Amazing vacay item,Popeye's,2020-07-18,2020-10-11,45
Great stay item,Madison Street Subs,2019-12-15,2020-06-02,40
Amazing grab snack,KFC,2020-04-21,2020-09-25,5
Hot stay meal,Checker's Hamburgers,2020-03-16,2020-07-06,55
Perfect vacay meal,Taco Time,2019-12-03,2020-10-13,15
Special holiday snack,Loco Moco Drive-Inn,2020-02-14,2020-06-06,20
Amazing rest item,Mcdonalds,2020-04-28,2020-05-20,45
Smart stay snack,Taco Local,2019-11-11,2020-01-14,50
Great day meal,Great Steak & Potato Co,2020-06-07,2020-08-17,55
Good holiday order,Chick-fil-A,2020-04-08,2020-08-28,45
Cool quarantine item,Popeyes Chicken & Biscuits,2019-12-22,2020-01-09,20
Crazy grab item,Tom & Jerry's,2020-04-23,2020-10-06,55
Hot day meal,The Pita Pit,2019-11-08,2020-07-22,55
Perfect rest snack,31st Avenue Gyro,2020-06-08,2020-10-17,10
Crazy day item,Wendy Two Two Eight,2020-02-06,2020-06-30,45
Cool grab snack,Hub City Express,2020-04-14,2020-06-23,55
Perfect vacay snack,Raising Cane's Chicken Fingers,2020-05-29,2020-08-11,55
Special day order,Tudor's Biscuit World,2019-11-17,2020-07-11,25
Perfect quarantine item,Jack in the Box,2019-11-30,2020-06-13,25
Romantic holiday food,name,2020-01-12,2020-07-31,35
Perfect rest meal,Arbys,2020-06-10,2020-07-02,30
Cool quarantine order,Jack In The Box,2020-05-21,2020-09-26,35
Great stay snack,Aprisa Mexican Cuisine,2020-01-30,2020-02-11,45
Perfect grab item,Thunder Ridge Ampride,2020-06-08,2020-07-02,40
Amazing day food,Rally's,2019-12-16,2020-04-05,40
Super stay order,Tudor's Biscuit World,2019-11-18,2020-05-17,25
Blue quarantine item,Saladworks,2020-05-19,2020-06-06,40
Amazing holiday food,Sonic Drive-In,2019-11-05,2019-12-10,40
Super rest item,Tropical Smoothie Cafe,2019-11-12,2020-09-11,40
Hot quarantine order,Baja Fresh Mexican Grill,2020-03-04,2020-07-02,50
Hot quarantine snack,Hometown Buffet,2020-02-28,2020-07-25,5
Amazing rest item,7-Eleven,2019-12-15,2020-01-09,10
Chill holiday item,Arby's Antigo,2020-03-24,2020-03-31,15
White day food,Spangles,2020-01-25,2020-05-31,25
Perfect day item,Papa Johns,2019-11-29,2020-03-15,20
Special home order,Wienerschnitzel,2020-02-25,2020-10-12,40
Chill vacay item,Sunrise Cafe,2020-01-13,2020-05-17,5
Great quarantine food,BIG & little's Restaurant,2020-09-03,2020-09-16,15
Special day meal,Ll Hawaiian Barbecue,2020-01-14,2020-06-12,30
Smart rest food,Rocky's,2020-05-20,2020-06-16,10
Great home item,Subway - Bell's Ferry,2020-08-24,2020-09-23,5
Crazy grab snack,Lee's Famous Recipe Chicken,2019-12-27,2020-06-20,30
Romantic day order,P. Terry's,2020-10-01,2020-10-21,5
Chill home snack,Love's,2020-09-03,2020-09-05,45
Hot quarantine food,Hub City Express,2019-11-24,2020-03-20,20
Chill day snack,Papagus Gyros,2020-05-12,2020-10-12,30
Blue grab food,Luna Corner Pizza,2020-05-17,2020-09-16,30
White home order,Shoney's on the Go,2020-08-05,2020-09-22,45
Smart quarantine meal,Teddy's Bigger Burgers,2020-08-12,2020-09-26,25
Perfect vacay food,Siam To Go,2019-11-28,2020-09-17,15
Perfect quarantine food,Carl's Jr,2020-01-25,2020-06-24,15
Special rest meal,Chuck Wagon,2019-12-28,2020-02-04,25
Smart vacay snack,Frugal's,2020-04-29,2020-07-30,40
Special quarantine order,Subway (johnson) @ Jonesboro,2020-01-08,2020-06-30,15
Good vacay snack,Cafe Rio,2020-05-26,2020-09-26,30
Hot rest snack,Furr's,2019-12-05,2020-09-12,30
White quarantine snack,Roly Poly,2020-04-09,2020-06-12,35
Crazy grab item,Convergence Zone,2020-04-29,2020-10-05,55
Super day meal,Captain D's,2020-05-21,2020-09-21,35
Cool grab snack,Pop-A-Nugget,2020-02-29,2020-04-09,20
Blue grab item,Del Taco,2020-03-11,2020-08-05,55
White quarantine snack,DQ Grill & Chill,2020-06-07,2020-08-30,45
Romantic quarantine item,Tom & Jerry's,2019-12-13,2020-06-18,25
Perfect quarantine food,Simmies Arirang Hill Cheese Steak,2020-06-12,2020-06-24,15
Crazy day meal,Culver's,2019-12-10,2020-10-20,30
Good stay meal,Blake's LotaBurger,2020-07-30,2020-09-11,5
Cool stay item,Wingstreet,2020-05-06,2020-07-06,25
Great quarantine item,Everest,2019-11-30,2020-05-19,25
Blue quarantine order,7-11,2020-04-16,2020-07-11,25
Chill day snack,Freddy's Steakburger,2020-06-26,2020-09-10,35
Cool holiday food,Taco Time,2020-04-29,2020-10-23,15
Crazy rest item,Checker's Drive-in Restaurant,2020-06-12,2020-07-21,50
White home food,El Pollo Loco,2020-02-03,2020-02-09,40
Great vacay food,Carl's Jr - Green Burrito,2019-11-12,2020-06-26,25
Perfect day meal,Jolly's Drive-In,2019-11-26,2020-04-29,50
Hot rest order,Osgood's,2020-08-05,2020-08-20,45
Super grab snack,McLaren's Pantry,2020-07-10,2020-09-09,55
Great holiday meal,Bamboo Bistro,2019-12-12,2020-02-25,50
Amazing holiday meal,Round Table Pizza,2020-03-07,2020-07-20,30
Smart home food,Popeyes,2019-11-13,2019-12-17,10
Perfect day meal,Hometown Buffet,2019-11-05,2020-07-11,10
Chill home food,A&W All American Food,2019-11-16,2019-12-22,30
Good day meal,Hardees,2020-03-03,2020-06-18,10
Hot home food,Long John Silver's,2020-09-05,2020-10-06,5
Hot rest meal,Subway Citgo of Quarryville,2020-02-29,2020-09-29,35
Perfect vacay food,J J Fish and Chicken,2020-04-17,2020-07-23,30
White day snack,Fred's Store,2020-02-13,2020-07-19,40
Perfect day order,D'angelo Grilled Sandwiches,2020-04-09,2020-04-12,35
Great rest snack,Madison Street Subs,2020-04-23,2020-09-12,25
Amazing home meal,The Biscuit Factory,2019-11-30,2020-09-27,5
Good holiday snack,Checkers,2019-12-09,2019-12-26,30
Blue holiday food,St Louis Original Hamburgers,2020-05-29,2020-10-24,25
Good vacay food,L&L Hawaiian Barbecue,2020-07-22,2020-09-05,30
Good holiday meal,McDonalds @ Old Atlanta,2019-12-19,2020-05-04,50
Super home snack,Papagus Gyros,2020-05-21,2020-10-22,30
Chill grab order,The Break Away Sports Cafe,2020-02-24,2020-07-04,10
Good stay order,Hot Dog On A Stick,2019-11-11,2020-03-20,25
Perfect holiday snack,Farmer Boys,2020-06-23,2020-07-08,50
Crazy day order,Wienerschnitzel,2019-12-19,2020-06-08,50
Chill day item,Carl's Jr,2020-02-07,2020-05-27,50
Perfect holiday order,QDOBA Mexican Eats,2020-05-27,2020-10-03,20
Great quarantine food,Toppers Pizza,2019-12-22,2019-12-22,30
Blue day food,Hardee's / Red Burrito,2019-11-03,2020-02-04,40
Special grab order,Port Of Subs,2020-01-03,2020-05-27,20
White holiday food,Hot Dog Heaven,2020-08-08,2020-09-14,15
Good quarantine item,Panda,2019-11-13,2020-04-24,30
Chill holiday item,Geno's Fast Break,2019-11-19,2020-10-17,55
Hot quarantine food,Whataburger,2019-12-26,2020-09-28,50
Great stay order,Chicago Union Station Food Court,2020-02-06,2020-07-06,55
Romantic stay order,Tom's Drive In,2020-02-03,2020-06-01,55
White quarantine item,Taco Cabana,2020-02-18,2020-09-03,20
Perfect holiday order,King Grill,2020-01-17,2020-08-25,40
Hot stay item,OMG! Rotisserie,2019-12-26,2020-04-15,20
Cool stay item,Siam To Go,2020-08-02,2020-10-31,40
Hot grab item,Ball State Lafollette Dining,2020-04-27,2020-07-23,20
Great quarantine snack,King Grill,2019-11-09,2020-08-16,50
Perfect holiday order,Sheetz,2020-10-12,2020-10-20,30
Special day meal,J J Fish and Chicken,2019-11-30,2020-07-28,15
White vacay item,Back Yard Burgers,2020-07-27,2020-08-28,50
Good rest snack,Simmies Arirang Hill Cheese Steak,2020-04-01,2020-08-09,50
Cool vacay snack,Baskin-Robbins,2019-11-25,2020-08-17,20
Chill vacay meal,DQ Woodlands,2020-04-22,2020-10-10,40
White holiday food,Chick-Fil-A,2020-07-21,2020-07-21,15
Amazing rest food,Popeyes Louisiana Kitchen,2019-12-19,2020-01-19,5
Amazing holiday item,Jollibee,2020-06-15,2020-09-27,35
Smart vacay food,Bills Place,2019-12-27,2020-05-31,30
Special holiday food,Cook Out,2019-12-24,2020-10-17,20
Romantic grab item,Skyline Chili,2019-12-28,2020-07-19,30
Special stay item,Dino's Gyros,2020-01-02,2020-03-01,35
Great vacay food,Mcdonalds,2019-11-02,2020-05-01,30
Good vacay item,Ben & Jerry's,2019-12-18,2020-05-11,50
Smart grab food,Sonic,2020-04-18,2020-07-16,30
Great rest order,Goodcents Deli Fresh Subs,2019-12-29,2020-04-05,30
Cool home order,Pizza Express,2020-02-06,2020-08-27,5
White vacay food,McDonalds,2019-11-05,2020-04-21,10
Super holiday meal,Circle Drive In,2019-12-10,2020-01-24,35
White quarantine order,Chick-fil-a Truett's Luau,2020-06-25,2020-06-28,50
Great vacay snack,Great Steak And Potato Co,2019-12-16,2020-06-17,20
Hot holiday order,Smashburger,2019-12-29,2020-03-23,55
Blue holiday order,Jack In The Box,2019-12-05,2020-09-26,15
Amazing stay meal,Church's Chicken,2020-07-04,2020-10-05,25
White home snack,Bills Place,2019-12-03,2020-07-31,5
Cool home meal,Bojangles' Famous Chicken 'n Biscuits,2020-06-12,2020-07-21,55
Romantic grab snack,Pete's Burgers,2020-02-16,2020-10-18,30
Super stay snack,Papa John's,2020-03-25,2020-09-23,35
Hot home snack,Hot Dog Heaven,2020-04-28,2020-08-24,10
Cool quarantine item,Blakes Lotaburger,2020-02-18,2020-10-27,40
White grab meal,Slim Chickens,2020-04-16,2020-08-12,25
Special day item,JCW's,2020-04-24,2020-05-11,25
Hot vacay order,McDonald's,2019-11-14,2020-10-01,55
Special stay food,Don & Millie's,2020-01-07,2020-10-19,45
Good stay food,Subway Sandwiches,2019-11-01,2019-11-16,20
Chill quarantine meal,Costa Vida,2020-04-03,2020-09-28,50
Smart quarantine item,Raising Cane's Chicken Fingers,2020-03-29,2020-05-18,20
Blue stay item,Taco John's,2019-11-01,2020-04-25,10
Super grab item,Crispy Chicken & Seafood,2020-05-26,2020-10-07,45
Amazing rest food,The Agora,2020-08-29,2020-10-15,50
Cool quarantine item,Carl's Jr,2020-04-27,2020-06-08,25
Romantic rest meal,Backyard Burgers,2020-04-14,2020-07-24,30
Good stay item,Jamjam,2020-02-04,2020-07-27,40
White stay item,A&W/Long John Silvers,2020-04-08,2020-04-12,50
Smart home food,Popeye's Louisiana Kitchen,2020-03-31,2020-04-07,5
Great home snack,BGR - The Burger Joint,2020-03-08,2020-08-23,35
Hot stay order,Back Yard Burgers,2019-11-19,2020-10-13,10
Crazy vacay food,Papa John’s Pizza,2019-12-04,2020-01-23,10
Great rest meal,The Chicken Place,2020-02-21,2020-05-21,5
Hot home order,Dairy Queen Grill & Chill / Orange Julius,2020-03-07,2020-09-23,10
Blue grab order,Boston Market,2020-05-12,2020-06-24,40
Amazing day item,McDonald’s,2020-02-21,2020-05-21,10
Good rest food,Frugals,2019-12-15,2020-05-31,10
Cool quarantine meal,Burger Time,2020-05-06,2020-09-27,5
Great vacay food,Kim Lee Fast Food,2019-12-19,2020-01-25,25
Romantic grab item,Dawg House Grill,2019-11-01,2020-04-06,50
Crazy stay snack,Culver's,2019-12-15,2020-01-03,40
Special home meal,Hotdoks,2020-06-28,2020-10-01,55
Crazy vacay snack,AJ's Hotdogs & Gyros,2020-03-20,2020-10-19,20
White rest order,Kennedy Fried Chicken & Pizza,2020-03-09,2020-10-19,5
Good holiday order,Maria's Fry Bread & Mexican Food,2019-11-30,2020-06-08,20
Blue rest food,Fred's Store,2020-04-03,2020-05-11,5
Cool vacay snack,Jersey Mike's Subs,2020-09-17,2020-09-26,10
Hot quarantine meal,Thrasher's French Fries,2019-11-12,2020-05-29,10
Blue home order,Charleys Philly Steaks,2020-02-15,2020-04-08,40
Great vacay meal,Long John Silvers / A&W,2020-03-20,2020-05-20,10
Good day snack,Bb&t,2019-11-26,2020-06-11,45
Smart day food,Great Steak,2020-04-17,2020-06-15,40
Special holiday order,Hunam Garden,2020-01-20,2020-03-16,55
Special home order,Mc Donalds,2020-09-12,2020-09-26,15
White stay snack,Nathan's Famous,2019-11-10,2020-06-11,30
Smart grab item,Thunder Ridge Ampride,2020-02-02,2020-07-23,50
Chill day food,China King,2020-04-12,2020-06-25,35
Special vacay order,Penguin Point,2019-12-12,2020-07-13,30
Good grab meal,Tom's Grill,2020-05-04,2020-10-06,30
White home meal,Custard Hut & Pizza,2019-11-13,2020-07-30,45
Amazing vacay meal,Chick-fil-a Orange Avenue,2020-10-07,2020-10-07,30
White rest item,Mcdonalds,2020-07-17,2020-10-14,50
Good rest item,Great Steak,2020-04-01,2020-06-12,20
Good holiday snack,Burger's Landing,2020-10-10,2020-10-12,40
Blue holiday food,Blakes Lotaburger,2020-07-24,2020-09-03,45
Amazing rest item,South-A-Philly Steaks and Hoagies,2020-02-23,2020-07-23,20
Super quarantine order,Moe's Southwest Grill,2020-04-08,2020-10-20,5
Hot grab food,Subway Sandwiches and Salads,2020-02-24,2020-04-06,30
Super holiday order,Chicago Union Station Food Court,2020-04-19,2020-08-31,40
Hot day item,Home Town Buffet,2020-05-26,2020-08-30,45
Amazing day meal,Tommy's Sub Shop,2019-12-04,2020-07-23,50
Good rest meal,Wings N' More Wings,2020-06-08,2020-10-13,5
Amazing holiday meal,Custard Hut & Pizza,2020-03-08,2020-07-17,20
Perfect day food,Carls Jr,2020-05-10,2020-10-19,30
Crazy vacay order,Checkers Burgers and Fries,2020-05-31,2020-07-25,45
Cool rest item,Papagus Gyros,2020-04-25,2020-08-28,5
Crazy vacay order,Jack In The Box,2020-01-11,2020-02-27,5
Romantic home snack,Burger King,2020-02-29,2020-07-02,10
Blue day item,Car's Late Night Delivery,2019-11-19,2020-10-03,50
Smart home order,Back Yard Burgers,2020-02-18,2020-03-04,45
Perfect day meal,Tudor's Biscuit World,2020-02-28,2020-09-16,40
Hot grab order,Charcoal Delights,2020-04-25,2020-07-30,5
Super grab food,George's Gyros Spot,2019-11-26,2020-05-05,50
Blue vacay snack,Mc Donalds,2020-04-02,2020-09-20,55
Super home order,Burger's Landing,2020-05-17,2020-09-03,20
Amazing day order,Steak-out,2019-12-13,2020-10-19,10
Super holiday food,Mazatlan Mexican Restaurant,2020-02-22,2020-05-16,50
Good vacay food,Fatburger,2019-11-12,2020-05-19,20
Special stay order,South-A-Philly Steaks and Hoagies,2019-11-26,2020-06-07,55
Blue day item,Burger King Salou,2020-06-01,2020-08-05,10
Perfect vacay item,Kim Lee Fast Food,2019-11-16,2020-04-14,45
Special day meal,Tom & Jerry's,2019-12-05,2020-07-02,55
Hot vacay item,A&W,2019-11-12,2020-01-29,30
White vacay food,Spangles,2020-03-07,2020-07-21,10
Super day order,Kerby's Koney Island,2020-05-17,2020-09-23,55
Special vacay item,Mariu Kebabberia Gastronomica,2019-12-05,2020-06-04,5
Perfect home food,Fatburger,2019-12-04,2020-03-16,15
Romantic stay snack,KFC - Kentucky Fried Chicken,2020-02-14,2020-06-14,10
Chill day snack,Cherry Hill Drive In Ice Cream,2020-09-19,2020-10-10,20
Crazy vacay snack,Sonic Drive-In,2020-04-29,2020-10-14,10
Hot rest snack,Rubio's Coastal Grill,2019-12-05,2020-07-02,50
Cool stay item,Circle Drive In,2019-12-18,2020-09-19,15
Cool quarantine item,Wendys,2020-02-21,2020-05-31,10
Cool quarantine item,Stars Drive-In,2020-04-17,2020-10-23,35
Romantic home snack,Los Verdes,2020-04-06,2020-07-01,35
Chill holiday snack,OMG! Rotisserie,2019-11-10,2019-12-04,50
Blue stay snack,Waffle House,2020-02-20,2020-09-11,35
Perfect rest order,El Tarasco Mexican Food,2020-02-17,2020-08-18,45
White grab order,Twisters,2020-06-08,2020-06-24,25
Smart quarantine item,The Flame Broiler,2019-12-18,2020-04-29,15
Hot home order,Boston Chowda Company,2020-03-01,2020-03-22,15
Good home item,White Castle,2019-11-05,2020-07-07,10
Special stay item,Gold Star Chili,2019-12-03,2020-05-26,15
Blue grab meal,Shloma Inc,2020-07-22,2020-09-30,40
Romantic home food,Chick-fil-a Orange Avenue,2019-12-27,2020-04-30,20
Romantic vacay meal,Food 4 Less,2020-03-14,2020-04-25,10
Chill holiday order,Luna Corner Pizza,2020-03-22,2020-04-11,5
Amazing rest food,SONIC Drive In,2020-01-30,2020-03-03,10
Special home order,Qdoba Mexican Grill,2019-11-18,2019-12-19,35
White grab order,Sonic Drive-In,2019-12-19,2020-02-09,15
Good rest meal,Chicken House,2020-01-13,2020-09-23,10
White rest item,Petro's Chili & Chips,2020-04-25,2020-08-05,20
Hot home order,Gabby's Burgers & Fries,2020-01-10,2020-04-01,35
Smart day item,The Pizza Pipe Line,2019-12-09,2020-02-19,20
Hot day order,Hermosa,2019-12-13,2019-12-16,50
Amazing day order,Topper's Pizza,2020-01-08,2020-04-19,10
Great stay order,Popeyes Louisiana Kitchen,2019-12-12,2020-09-06,25
Good holiday order,Ben & Jerry's,2020-05-31,2020-07-14,50
Special holiday order,Red Robin Gourmet Burgers,2020-01-10,2020-04-08,15
Special grab meal,Checkers,2020-01-25,2020-07-30,10
Great quarantine food,L&L Hawaiian Barbecue,2019-12-05,2020-06-24,40
Hot home order,Gyros Kings,2020-01-25,2020-10-19,20
Special vacay food,Jacks Grocery,2020-01-31,2020-04-16,20
Hot day order,Taco Casa,2020-04-06,2020-10-28,30
Great rest item,Ama Ristorante,2019-11-19,2019-12-15,30
Amazing grab order,TacoTime,2020-04-05,2020-08-08,20
Blue grab snack,Blakes Lotaburger,2020-06-11,2020-07-31,55
Great home order,Yellow Cab Pizza Co.,2020-07-17,2020-09-05,25
Good stay order,Penn Station East Coast Subs,2020-02-22,2020-08-03,55
White rest item,Gabby's Burgers & Fries,2020-01-30,2020-04-01,45
Amazing quarantine item,Omelette House,2020-05-03,2020-06-08,30
Crazy home snack,China King,2020-09-10,2020-10-13,5
Special rest item,A&W All-American Foods,2019-11-22,2020-03-26,25
Crazy grab food,Panda Express,2019-11-26,2020-09-26,40
Special quarantine meal,Don & Millie's,2020-04-28,2020-07-13,15
Crazy stay meal,Burgerville,2020-04-12,2020-07-13,10
Chill holiday snack,Kennedy Fried Chicken & Pizza,2019-12-03,2020-08-16,20
Great rest food,Maui Tacos,2020-02-24,2020-03-08,55
Chill holiday meal,Famous Dave's,2020-08-12,2020-09-07,25
Super vacay meal,Slim Chickens,2020-08-16,2020-10-07,45
Chill holiday item,Port of Subs,2020-05-08,2020-10-21,25
Romantic holiday order,7-11,2019-11-05,2020-03-08,25
Blue quarantine order,Rafael's,2019-12-07,2020-09-12,15
White day meal,Spangle's,2020-04-12,2020-06-02,15
Smart day food,Comilao Lanches Bakery,2020-05-11,2020-06-17,20
Hot day order,Zaxby's,2020-05-22,2020-08-18,45
Chill vacay item,Travelcenters of America,2020-04-20,2020-05-09,10
White quarantine food,Regal Cinemas Tikahtnu  16 IMAX & RPX,2020-06-17,2020-07-16,10
Great quarantine meal,Isabella's Pizzeria,2020-03-21,2020-04-05,50
Super day snack,Jimmy Johns,2019-12-27,2020-06-22,10
White holiday order,Taco Delight,2020-06-18,2020-08-26,30
Chill day meal,Nick's Gyros,2020-08-12,2020-09-11,55
Perfect home item,Hamburger King,2019-11-12,2020-07-22,5
Perfect quarantine order,Meatheads,2020-05-17,2020-07-13,20
Chill day order,Papa Johns,2020-04-03,2020-04-14,50
Romantic stay meal,Shot Tower Inn,2019-11-11,2020-01-08,35
White grab item,Wendy Two Two Eight,2020-04-11,2020-04-14,20
Chill holiday item,Chick-fil-a Magnolia Mall,2019-11-30,2020-01-29,25
Cool holiday snack,Blimpie Subs & Sandwiches,2020-04-19,2020-05-15,40
Amazing day order,Hardee's / Red Burrito,2020-05-20,2020-09-25,5
Special stay meal,Whataburger,2019-11-12,2020-08-24,30
Crazy quarantine meal,Music City Subs,2020-03-21,2020-05-29,15
Crazy day order,Vista Drive In,2019-12-16,2020-02-17,45
Good day meal,Car's Late Night Delivery,2019-12-03,2020-05-13,15
Special grab order,Boston Market 381,2020-01-26,2020-04-25,25
Special quarantine food,Hot Dog Heaven,2019-12-09,2020-02-20,15
Crazy stay snack,Fallguys Burger Company,2020-02-07,2020-07-04,45
Hot day food,Jim's Coney Island,2020-03-27,2020-07-14,50
Great rest order,Mario's Natural Roman Pizza,2020-02-18,2020-05-19,20
Amazing vacay food,Back Yard Burgers,2019-11-19,2020-09-10,30
Amazing day item,Kasa's Pizza,2020-01-08,2020-02-19,5
White stay item,KFC / A&W,2020-01-28,2020-10-05,25
Blue quarantine order,Petro's Chili & Chips,2020-06-11,2020-09-12,20
Hot vacay snack,Bush's Chicken,2019-11-07,2020-02-10,10
Chill vacay item,Dairy Queen Grill & Chill,2020-03-22,2020-09-08,5
Romantic vacay food,Jacks Grocery,2019-11-12,2020-07-02,15
Chill day meal,Taco del Mar,2020-07-27,2020-09-22,30
Special stay food,Chicken Express,2020-01-02,2020-06-16,30
Crazy rest meal,Burger Time,2020-04-06,2020-05-26,30
Perfect grab food,BLIMPIE,2020-06-24,2020-07-31,55
Crazy holiday food,Lion's Choice,2020-02-19,2020-09-13,10
Cool stay item,OMG! Rotisserie,2020-03-28,2020-10-30,35
Great day snack,Sheetz,2019-11-05,2020-05-19,10
Hot holiday item,McDonalds,2020-07-23,2020-09-26,45
White day order,Gabby's Burgers & Fries,2019-12-13,2020-09-03,10
Hot home item,Burger King Salou,2020-01-02,2020-08-08,5
Great day meal,Hot Dog Heaven,2020-02-14,2020-04-18,40
Chill home meal,The People Connection,2019-11-08,2020-02-18,40
Great day snack,31st Avenue Gyro,2020-02-29,2020-10-08,25
Crazy grab food,Your Healthy Habit,2020-09-13,2020-10-22,50
Smart day item,Furr's,2020-02-01,2020-07-31,20
Chill holiday snack,Dairy Cheer,2019-12-09,2020-04-09,25
Great home food,Quizno's +,2020-01-21,2020-06-11,15
Great quarantine snack,Rush's,2019-11-14,2020-10-20,35
Cool rest item,Greek Oven Pizza and Wings,2020-01-26,2020-02-23,40
Perfect vacay snack,El Paragua Restaurant,2019-12-22,2020-03-03,30
Cool holiday snack,Taco Local,2020-01-09,2020-02-01,45
Perfect stay item,A&w,2020-04-17,2020-06-11,55
Blue vacay meal,Smoothie King,2020-08-04,2020-08-12,55
Hot holiday item,Bobby's Burger Palace,2019-12-03,2020-06-24,10
Romantic rest meal,Crystal Restaurant,2020-05-03,2020-10-22,30
Great grab food,Arbys,2020-04-23,2020-10-15,25
Chill rest snack,Custard Hut & Pizza,2020-10-01,2020-10-21,5
Smart vacay item,The Halal Guys,2019-11-11,2020-03-27,30
Special vacay food,Hoka Hoka Bento,2019-11-06,2020-05-18,50
Great home snack,Roly Poly,2020-01-20,2020-04-16,35
Blue quarantine food,Mickey's Gyros & Ribs,2020-03-01,2020-05-19,15
Perfect day snack,El Tarasco Mexican Food,2019-11-05,2020-07-27,40
Special day item,In-A-Tub,2020-01-25,2020-05-20,50
White stay order,Madison Street Subs,2020-04-11,2020-10-10,5
Chill day order,Rahway Chicken & Burger Inc,2020-04-14,2020-05-06,5
Blue quarantine order,SUBWAY,2020-02-21,2020-05-06,10
Perfect day food,Cousins Subs,2019-11-22,2020-06-17,45
Crazy vacay food,Fitness 19,2020-06-30,2020-09-17,10
Chill grab meal,Mickey's Gyros & Ribs,2020-02-22,2020-06-23,15
Cool holiday food,Penn Station East Coast Subs,2020-05-04,2020-06-16,35
Good rest order,Round Table Pizza,2020-04-30,2020-09-30,55
Great grab snack,A&W All-American Foods,2020-04-07,2020-06-05,15
Crazy holiday meal,Gabby's Burgers & Fries,2019-12-26,2020-06-15,25
Amazing home order,Windmill Gourmet Fast Foods,2020-06-17,2020-09-07,5
Romantic rest meal,Quick,2019-11-30,2020-04-14,45
Great quarantine food,Tommy's Sub Shop,2019-11-11,2020-09-05,35
Cool day order,Dominos Pizza,2019-11-18,2020-05-12,15
Good home snack,Baker's Drive Thru,2019-11-28,2020-07-17,25
Crazy quarantine food,Tommy's Sub Shop,2020-02-26,2020-03-27,20
Chill home food,Schlotzsky's,2020-01-03,2020-02-29,35
Blue quarantine order,Cody's Cafe,2020-06-16,2020-07-01,5
Perfect day order,Rocky's,2020-01-06,2020-01-11,25
Perfect stay order,Taco Bueno,2020-04-29,2020-05-31,10
Romantic holiday item,Long John Silver/ A&W,2020-08-09,2020-08-11,45
Crazy vacay snack,Chick-fil-a Magnolia Mall,2020-05-11,2020-06-17,5
Great quarantine order,The Flame Broiler,2019-12-04,2020-09-25,35
White grab order,A&W,2020-08-10,2020-10-20,45
Amazing day meal,Slim Chickens,2020-02-29,2020-10-19,5
Cool stay food,Iceberg Drive Inn,2020-06-01,2020-06-28,45
Great holiday order,Car's Late Night Delivery,2019-11-07,2020-09-26,5
Chill stay item,Pop-A-Nugget,2020-02-06,2020-04-05,45
Special vacay item,Everest,2019-11-30,2020-02-15,15
Crazy grab food,Jack in the Box,2019-11-16,2020-04-30,50
Super stay item,Boston Market 381,2020-05-11,2020-10-06,10
Cool home order,King Grill,2020-06-07,2020-06-08,50
Smart rest item,Gabby's Burgers & Fries,2020-02-23,2020-04-15,25
Blue rest order,Braum's Ice Cream & Dairy Store,2019-11-20,2020-03-15,55
Amazing holiday food,Popeyes,2020-05-05,2020-08-12,50
Cool day meal,Wendy Two Two Eight,2020-01-18,2020-06-28,15
White vacay meal,Costa Vida Fresh Mexican Grill,2020-02-23,2020-10-07,5
Blue day item,Vista Drive In,2020-08-10,2020-10-11,45
Crazy grab snack,Garden Catering,2019-12-25,2020-05-08,50
Blue stay order,Kennedy Fried Chicken & Pizza,2020-03-20,2020-06-08,15
Super rest item,Rally's Hamburgers,2020-02-14,2020-08-21,30
Special grab order,Del Taco,2020-07-07,2020-09-11,55
Romantic rest meal,Lee's Oriental Martial Arts,2020-04-12,2020-09-30,50
Hot day order,Wu's Fine Chinese Cuisine,2020-04-11,2020-04-16,40
Hot day meal,Rocky's,2020-01-04,2020-10-31,5
Amazing quarantine food,Hegenburgers,2020-01-25,2020-07-28,30
Special rest order,Port Of Subs,2020-09-06,2020-09-28,50
Amazing home meal,Blimpie Subs & Sandwiches,2020-04-16,2020-07-25,10
Hot holiday food,Rocky's,2020-01-26,2020-08-08,25
Great quarantine item,Blondies,2020-06-02,2020-06-28,30
Perfect rest order,Mariu Kebabberia Gastronomica,2019-11-03,2019-11-08,35
Blue stay food,Wings And Philly,2020-02-07,2020-04-17,35
Cool holiday order,Bills Place,2019-11-19,2020-09-29,50
Blue quarantine item,Garden Fast Food,2019-11-15,2020-06-27,15
Amazing day item,Steak N Shake,2020-05-04,2020-05-10,5
Romantic home snack,Madison Street Subs,2020-01-12,2020-05-28,45
White rest food,Thrashers French Fries,2020-04-17,2020-05-26,50
Amazing day order,Long John Silver's,2020-01-31,2020-07-22,35
Special holiday item,Pita Pit,2020-02-15,2020-02-16,5
Blue rest order,Boston Market 381,2019-11-16,2020-07-04,20
Cool rest meal,Brixton's,2019-11-28,2020-10-27,30
Perfect day order,Hardees,2020-01-23,2020-02-13,50
Special holiday order,Shot Tower Inn,2019-12-27,2020-07-10,15
White holiday order,Popeye's Chicken & Biscuits,2020-03-08,2020-03-25,25
Crazy day order,McLaren's Pantry,2019-12-16,2020-06-20,25
White rest snack,Rally's Springfield,2019-11-08,2020-04-12,40
Super vacay order,Soulfish Grill,2020-08-28,2020-10-10,15
Hot stay order,Kum Go,2019-12-04,2020-05-17,20
Good home food,Dewey's Pizza,2020-05-24,2020-07-30,40
Super day food,Cousins Subs,2019-12-09,2020-10-27,5
Hot rest order,BLIMPIE,2019-12-30,2020-09-21,15
Cool vacay snack,Yum Brands Inc,2020-04-14,2020-10-25,10
Great quarantine item,World Wrapps,2019-12-18,2020-06-14,20
Blue stay snack,World Wrapps,2019-11-08,2019-12-19,5
Super quarantine item,Gabby's Burgers & Fries,2019-12-08,2020-08-28,35
Smart grab item,Loco Moco Drive-Inn,2020-06-11,2020-09-26,50
Crazy day food,Burger's Landing,2020-10-13,2020-10-26,20
Smart quarantine order,Smoothie King,2020-04-06,2020-08-05,50
Smart grab meal,Hotdoks,2019-12-10,2020-09-08,45
Crazy stay item,Pollo Tropical,2019-12-18,2020-01-12,50
Cool grab meal,Hardee's / Red Burrito,2020-03-21,2020-07-14,40
Special home meal,Dunkin Donuts,2020-05-06,2020-07-23,45
Smart holiday item,Rally's,2020-03-20,2020-07-08,5
Blue holiday snack,Rubio's,2020-10-10,2020-10-15,55
Hot holiday food,Fitness 19,2019-12-09,2020-07-30,35
Romantic quarantine item,Rallys,2020-05-04,2020-07-13,40
Crazy rest snack,Travelcenters of America,2019-12-29,2020-03-28,30
Chill home meal,Fatburger,2020-01-04,2020-10-13,10
White rest snack,Gianni's Pizza,2020-02-01,2020-10-22,10
Chill holiday order,Quizno's +,2020-02-23,2020-07-15,40
Perfect day item,A&W,2020-03-05,2020-08-16,5
Super rest snack,Tommy's Sub Shop,2020-04-22,2020-07-23,20
Romantic grab order,Gabby's Burgers & Fries,2019-11-10,2020-09-28,45
Chill holiday item,Baja Fresh Mexican Grill,2020-04-27,2020-04-29,30
Special day meal,Sunrise Cafe,2020-05-02,2020-09-26,55
Special quarantine order,Popeye's Chicken & Biscuits,2020-07-25,2020-08-05,15
Smart day food,Rocky's,2020-04-06,2020-10-05,35
Smart vacay food,Maria's Fry Bread & Mexican Food,2019-12-12,2020-05-21,50
Hot day item,Food 4 Less,2020-09-13,2020-10-27,25
Chill quarantine food,Pizza Hut,2020-04-10,2020-08-23,15
Special stay meal,Chicken House,2020-04-16,2020-05-31,45
Super rest meal,Your Healthy Habit,2019-11-05,2020-07-11,25
Great grab food,South-A-Philly Steaks and Hoagies,2020-02-13,2020-07-02,45
Blue holiday meal,The Press Club,2020-03-21,2020-05-29,5
White grab order,Bobby's Burger Palace,2020-02-21,2020-08-03,15
Chill stay meal,Bobby's Burger Palace,2020-01-10,2020-10-15,40
Great grab item,Hot Dog Heaven,2020-03-11,2020-06-14,45
Cool quarantine meal,Ny Chicken Fish,2019-12-25,2020-07-31,40
Good rest meal,BIG & little's Restaurant,2020-02-09,2020-08-24,35
Great stay snack,McDonald's,2020-02-22,2020-09-17,55
Great stay order,Mcalister's Deli,2019-11-23,2020-01-20,40
White vacay food,Luxor Food Court,2019-11-09,2020-04-19,50
Smart vacay food,Carl's Jr,2019-12-16,2020-01-09,40
Chill stay snack,Subway Sandwiches,2020-09-26,2020-10-12,25
Romantic grab snack,Ben & Jerry's,2020-02-29,2020-09-15,45
Blue holiday meal,Checker's Drive-in Restaurant,2020-06-28,2020-09-15,50
Super stay food,KFC - Kentucky Fried Chicken,2019-11-26,2020-05-10,45
Super quarantine food,Sensenig Poultry LLC,2020-04-19,2020-08-29,30
Crazy grab food,Meatheads,2020-05-17,2020-05-29,20
Amazing home food,Tom's Grill,2020-03-01,2020-06-07,25
White day meal,Bamboo Bistro,2020-02-06,2020-05-26,30
Crazy rest item,Papa Johns,2020-02-15,2020-06-11,55
Chill day snack,Bob Evans Restaurant,2019-12-04,2019-12-26,35
Blue stay snack,SUBWAY®,2020-03-07,2020-09-07,30
Romantic quarantine snack,Jack in the Box,2019-11-28,2020-10-18,10
Good stay item,Kfc,2019-11-12,2020-03-06,5
Special rest meal,Bamboo Bistro,2020-05-26,2020-06-14,20
Romantic quarantine item,Froots,2020-01-04,2020-10-06,25
Special vacay order,Crispy Chicken & Seafood,2019-12-17,2020-08-03,40
Smart stay snack,Crispy Chicken & Seafood,2019-11-05,2020-10-14,45
Great grab food,Slim Chickens,2020-05-29,2020-10-13,55
Cool day food,Custard Hut & Pizza,2020-01-19,2020-10-06,35
Smart quarantine item,Boston Market 381,2019-12-23,2020-05-21,15
Special home item,Jack Pirtles Chicken,2020-03-21,2020-09-19,50
White stay food,b.good,2020-04-25,2020-05-14,40
Cool grab snack,Pizza Barn,2020-05-13,2020-08-21,40
Perfect vacay order,Carl's Jr / Green Burrito,2020-01-25,2020-10-30,25
Special quarantine meal,Kentucky Fried Chicken,2020-04-17,2020-06-12,5
White quarantine meal,Rahway Chicken & Burger Inc,2020-09-12,2020-09-25,45
White quarantine item,Soulfish Grill,2020-03-29,2020-04-22,45
Hot grab meal,Sensenig Poultry LLC,2020-01-09,2020-08-31,10
Good vacay meal,Little Caesar's Pizza Smithfield,2020-03-14,2020-10-15,20
Hot vacay snack,Foster's Freeze,2020-06-12,2020-10-06,10
Hot stay food,Golden Chick,2020-02-13,2020-09-30,30
Chill quarantine meal,Port Of Subs,2020-06-15,2020-06-28,30
Perfect home meal,Fresh City,2020-03-08,2020-04-16,45
Special stay snack,Chick-fil-a Superstition Springs Center,2020-06-02,2020-09-15,10
Hot rest item,Rally's,2020-07-31,2020-09-11,50
Smart rest snack,Taco Mayo,2020-05-05,2020-09-25,35
Chill rest item,Papa John’s Pizza,2020-03-24,2020-04-21,10
Hot stay meal,Dairy Freeze,2019-11-13,2020-06-22,20
Smart vacay item,Nielsen's Frozen Custard,2020-06-08,2020-08-28,55
White home item,Hot Dog Heaven,2019-11-08,2020-09-20,25
Crazy quarantine food,Mickey's Gyros & Ribs,2019-12-19,2020-10-10,45
Romantic vacay order,Raising Cane's Chicken Fingers,2020-03-20,2020-06-02,20
White day food,Twisters,2020-04-25,2020-04-28,55
Amazing day food,Long John Silvers / A&W,2020-04-06,2020-08-31,5
Perfect day order,31st Avenue Gyro,2020-06-17,2020-10-24,35
Blue holiday snack,Comilao Lanches Bakery,2020-05-14,2020-06-06,15
Amazing holiday item,Subway (johnson) @ Jonesboro,2020-09-13,2020-09-26,25
Super holiday snack,Charkies,2019-12-27,2020-07-04,20
Great day meal,KFC,2020-03-05,2020-04-05,55
Smart stay snack,Ben & Jerry's,2019-11-30,2019-12-12,35
Romantic holiday meal,Foster's Freeze,2019-12-23,2020-08-23,20
Special holiday food,Petro's Chili & Chips,2019-11-23,2020-04-19,30
Amazing vacay snack,Portillo's,2020-03-20,2020-07-10,5
Blue rest item,P. Terry's,2019-12-09,2020-09-25,15
Good vacay snack,Food 4 Less,2020-06-06,2020-08-16,35
Amazing quarantine meal,Gabby's Burgers & Fries,2020-03-20,2020-04-27,30
Good holiday item,KFC / A&W,2019-11-22,2019-12-03,35
Smart home order,Hotdoks,2020-04-05,2020-05-01,10
Good grab order,Bob Evans,2019-12-17,2020-02-15,25
Cool vacay item,Rancher's Roast Beef Inc.,2020-04-28,2020-10-16,5
White day meal,Topper's Pizza,2020-04-24,2020-09-17,50
Chill holiday order,Fitness 19,2020-05-22,2020-09-30,10
Special day order,Mcdonald's #25557,2020-02-28,2020-10-05,20
Super stay item,Skyline Chili,2020-06-24,2020-10-31,35
Cool home item,b.good,2020-02-05,2020-09-24,40
Amazing stay meal,Quiznos,2019-12-04,2020-08-05,55
Great stay snack,Cypress Best,2019-11-17,2019-12-19,40
Romantic vacay order,Captain D's,2020-09-26,2020-10-24,5
Perfect vacay order,Papa Johns Pizza,2020-09-15,2020-09-27,35
Amazing holiday item,KFC/Taco Bell,2020-05-06,2020-06-14,20
Chill quarantine order,Subway,2020-05-21,2020-09-11,5
Smart stay item,Roly Poly,2019-11-29,2020-01-09,5
Smart vacay meal,Great Steak,2020-02-03,2020-03-05,10
Chill vacay snack,Nielsen's Frozen Custard,2019-12-12,2020-10-27,50
Special holiday food,Boston Market 381,2020-05-21,2020-07-21,30
Smart quarantine order,King Grill,2020-04-09,2020-08-21,15
Smart stay meal,The Pizza Pipe Line,2020-08-30,2020-09-10,5
Crazy day food,Baja Fresh,2020-06-13,2020-10-27,35
Super vacay item,Dairy Cheer,2020-03-04,2020-07-27,25
Chill holiday food,Steak Escape,2020-04-27,2020-06-29,45
Romantic holiday order,Chick-fil-a Magnolia Mall,2020-02-23,2020-08-22,50
Crazy home order,Mayfair Boardwalk Grill,2020-03-08,2020-07-30,45
Smart stay order,Cousins Subs,2020-02-06,2020-07-04,45
Super quarantine order,Domino's Pizza,2019-11-30,2020-08-17,20
White vacay order,Ny Chicken Fish,2020-05-20,2020-10-07,45
Good grab meal,Woody's Sloppy Dogs,2020-01-30,2020-08-27,40
Super holiday item,D'angelo Grilled Sandwiches,2019-12-31,2020-04-09,40
Romantic home meal,Jim Bob's Chicken Fingers,2020-01-26,2020-08-08,5
Chill home meal,Papagus Gyros,2020-03-11,2020-06-24,50
Crazy home snack,DQ Woodlands,2020-04-09,2020-08-28,50
Good day food,Steak 'N Shake,2020-07-30,2020-08-15,30
Cool home food,Richie's Restaurant,2019-11-26,2020-10-05,50
Hot stay food,Runza,2020-07-23,2020-10-23,5
Amazing day order,Popeye's Louisiana Kitchen,2020-10-24,2020-10-24,5
Hot grab item,Original Tracks,2020-07-11,2020-07-19,15
Chill quarantine meal,Ryan's,2020-03-28,2020-08-21,30
Good grab item,AJ's Hotdogs & Gyros,2020-03-27,2020-10-05,10
Good holiday item,Sbarro,2020-02-17,2020-05-24,25
White quarantine order,Kerby's Koney Island,2020-01-09,2020-07-25,10
Cool quarantine food,Long John Silver's / A&W,2020-02-07,2020-10-07,35
Super stay order,Rich's Mighty Fine Burgers Grub,2020-07-24,2020-10-06,20
Cool vacay meal,Mcdonalds,2019-12-04,2020-02-04,50
Smart day order,Hot Dog On A Stick,2020-09-26,2020-10-30,55
Crazy holiday meal,L&L Hawaiian Barbecue,2019-11-22,2019-12-28,55
Crazy holiday food,Thunder Ridge Ampride,2020-01-14,2020-10-11,40
White quarantine food,The Great Steak & Potato Co.,2020-07-23,2020-09-13,25
Special home order,Subway Sandwiches and Salads,2019-12-03,2019-12-25,10
Blue holiday item,Waffle House,2019-12-26,2020-06-20,50
Romantic rest meal,In-N-Out Burger,2020-03-08,2020-07-01,15
Hot vacay meal,Greek Oven Pizza and Wings,2020-03-21,2020-09-12,55
Amazing holiday item,Dual - Carls / Grn Burrito 1100654,2020-01-07,2020-05-05,15
Great quarantine order,Charley's Grilled Subs,2019-11-18,2020-03-06,5
Amazing holiday food,Kfc,2020-08-19,2020-08-24,25
Crazy rest item,Sheetz,2019-11-05,2020-07-23,35
Blue quarantine food,Omega Drive-In,2020-02-22,2020-07-20,50
Super holiday food,McDonald's of Mililani Mauka,2020-02-02,2020-05-08,50
Smart rest item,Jersey Mike's Subs,2019-11-10,2020-08-23,50
Hot stay order,Frisch's Big Boy,2019-12-16,2020-09-25,15
Crazy day item,Shoney's on the Go,2020-02-06,2020-05-21,55
Super rest meal,Bush's Chicken,2019-11-02,2020-07-01,30
Amazing stay snack,El Pollo Loco,2020-02-22,2020-03-31,50
Super day snack,Ernie's All American Burger,2020-04-12,2020-06-30,10
Chill quarantine order,Burger's Landing,2020-04-29,2020-08-30,15
Perfect grab snack,Tasty Carryout,2019-12-16,2020-09-26,35
Crazy home food,Boston Market,2019-11-12,2020-08-15,55
Amazing home meal,Roly Poly,2019-12-18,2020-01-11,25
Amazing grab order,Mc Donalds,2020-07-21,2020-08-30,40
Crazy rest item,Lee's Oriental Martial Arts,2020-04-29,2020-08-31,5
Romantic quarantine item,A&w,2020-02-27,2020-02-27,50
Hot vacay item,Subway - Roland Park,2019-11-21,2020-10-17,55
Hot grab meal,Taco Del Mar,2020-04-03,2020-08-29,10
Good grab item,Long John Silvers / A&W,2020-01-02,2020-03-11,35
White day item,A&w Restaurant,2019-11-08,2020-10-17,20
Smart holiday meal,Los Verdes,2019-11-02,2020-10-30,25
Hot quarantine item,McDonalds,2020-04-08,2020-08-26,40
Perfect holiday meal,Mariu Kebabberia Gastronomica,2020-07-21,2020-09-08,40
Special quarantine snack,Rubio's Coastal Grill,2020-04-06,2020-05-11,55
Amazing home order,Nielsen's Frozen Custard,2019-11-13,2020-09-28,55
Romantic vacay order,Wings N' More Wings,2020-04-29,2020-05-21,35
Romantic rest food,Meatheads,2020-05-11,2020-09-11,55
Hot holiday snack,Sensenig Poultry LLC,2020-06-01,2020-09-24,40
Perfect vacay food,Blondies,2020-01-14,2020-05-09,5
Chill stay item,Nino's Pizza,2020-04-06,2020-09-08,50
Chill stay meal,Wingstop,2020-01-06,2020-08-24,50
Perfect rest item,Maria's Fry Bread & Mexican Food,2020-01-17,2020-04-16,40
Great stay meal,Kfc,2020-04-01,2020-04-30,30
Amazing rest snack,Sonic Drive in,2020-09-11,2020-10-27,30
Romantic home snack,Baker's Drive Thru,2020-02-28,2020-04-06,25
Hot home snack,The Flame Broiler,2019-12-19,2020-07-10,15
Amazing holiday snack,McLaren's Pantry,2020-02-06,2020-04-02,30
Amazing day order,Braum's Ice Cream & Dairy Store,2020-01-12,2020-02-15,15
Hot vacay meal,Kettle Restaurant,2020-06-09,2020-09-08,25
Great quarantine food,Italian Pizzeria Restaurant,2020-04-01,2020-09-17,45
Smart vacay snack,Wu's Fine Chinese Cuisine,2020-04-06,2020-06-11,15
Good stay meal,Blimpie,2020-02-28,2020-06-04,5
Crazy quarantine food,Buds Chicken & Seafood,2019-11-08,2020-07-04,35
Romantic holiday item,The Pita Pit,2020-06-27,2020-08-03,35
Great vacay snack,Bb&t,2020-05-10,2020-06-13,10
Chill home meal,Steak 'n Shake,2020-05-08,2020-07-17,55
Good home snack,Regal Cinemas Tikahtnu  16 IMAX & RPX,2020-04-14,2020-08-25,40
Good vacay food,Omega Drive-In,2020-05-27,2020-09-11,40
Amazing quarantine food,Hometown Buffet,2019-11-26,2020-01-29,45
Crazy rest snack,Bad Daddys Burger Bar,2020-07-13,2020-10-22,10
Hot rest food,Cinnabon,2020-05-20,2020-08-09,25
White holiday item,Arby's Antigo,2020-03-16,2020-09-26,50
Chill rest food,McLaren's Pantry,2020-08-07,2020-08-21,55
Crazy rest meal,Rubio's,2020-01-24,2020-10-04,5
Chill grab food,Love's,2020-04-02,2020-10-24,40
Romantic rest meal,B. Good,2020-03-05,2020-03-26,5
Amazing stay order,Pick Up Stix,2020-03-17,2020-10-28,10
Smart stay item,Elevation Burger,2020-03-20,2020-05-21,35
Hot vacay order,Kings Contrivance Jewelers,2019-11-10,2019-11-30,25
Super holiday item,OMG! Rotisserie,2019-11-12,2020-03-03,15
Amazing quarantine meal,China Buddha Inn II,2020-06-08,2020-10-18,10
Good quarantine meal,Baja Fresh Mexican Grill,2019-12-19,2020-08-18,5
Romantic holiday food,Great Steak And Potato Co,2019-11-09,2020-09-14,25
Cool grab item,The Break Away Sports Cafe,2020-02-08,2020-05-28,10
Romantic home meal,Baskin-Robbins,2020-01-07,2020-02-04,15
Romantic rest food,Bush's Chicken,2019-11-08,2020-02-01,10
Blue stay item,Firehouse Subs,2020-01-13,2020-06-28,55
Blue holiday meal,Tina's Carryout Restaurant,2020-03-22,2020-05-27,45
Smart holiday food,Crown Fried Chicken,2020-07-30,2020-08-19,45
Romantic vacay meal,Popeyes Louisiana Kitchen,2020-01-09,2020-04-21,55
White quarantine item,Pete's Burgers,2020-05-06,2020-06-20,35
Hot holiday order,Rush's,2020-03-20,2020-06-05,35
Crazy home item,Chick-fil-a,2020-05-09,2020-09-24,15
Great rest food,Jim Bob's Chicken Fingers,2020-03-05,2020-07-17,5
Special day item,Saladworks,2020-07-29,2020-09-28,35
Hot rest meal,Mr Char-Burger,2019-11-12,2020-04-17,40
Amazing holiday food,Pop-A-Nugget,2019-12-10,2020-09-07,5
Great vacay meal,Buds Chicken & Seafood,2019-11-29,2020-10-19,5
Chill home snack,Convergence Zone,2020-06-08,2020-07-20,25
Cool vacay food,Siam To Go,2019-11-05,2020-02-05,30
Amazing vacay snack,The Honeybaked Ham Company,2020-02-22,2020-07-01,30
Cool day food,Amigos/Kings Classic,2019-11-29,2020-02-02,35
Cool vacay snack,Good Times Burgers & Frozen Custard,2019-12-24,2020-06-13,10
Chill holiday item,Sonic Drive in,2020-10-10,2020-10-19,50
Cool rest snack,Whataburger,2020-07-04,2020-08-12,35
Chill vacay food,Dewey's Pizza,2020-04-29,2020-07-06,15
Chill home snack,Steak-out,2020-03-20,2020-04-24,45
Good holiday meal,Ivar's Seafood Bar,2019-11-19,2020-01-28,20
Cool holiday meal,Tudor's Biscuit World,2019-12-17,2020-03-27,40
Blue day snack,Sonic Drive-In,2019-12-16,2020-09-30,40
Cool holiday snack,Ama Ristorante,2019-11-06,2020-07-30,45
Smart home snack,KFC,2020-05-26,2020-07-01,35
Great grab snack,Golden Chick,2019-11-20,2020-02-16,40
Smart vacay food,J J Fish and Chicken,2019-12-16,2020-06-14,10
Special rest item,The Pizza Pipe Line,2020-02-05,2020-04-23,10
Hot stay food,Smashburger,2020-07-08,2020-07-21,50
Special quarantine meal,Kasa's Pizza,2019-11-06,2020-01-04,15
Great grab order,Captain D's,2019-12-13,2020-04-07,50
Cool stay order,Cook-Out,2020-04-24,2020-09-29,10
Amazing day snack,McDonalds @ Old Atlanta,2020-01-31,2020-02-02,5
Special rest meal,Papa John’s Pizza,2020-02-14,2020-10-15,55
Hot quarantine meal,Carls Jr,2020-02-24,2020-08-16,50
Special day snack,Taco Cabana,2019-11-18,2019-12-15,15
Blue quarantine snack,Captain D's,2020-04-28,2020-09-28,55
Perfect quarantine order,b.good,2020-01-11,2020-09-07,40
Perfect rest order,Shloma Inc,2020-06-24,2020-09-07,50
Chill day order,Frugals,2019-11-23,2020-06-08,30
Chill rest item,Hotdoks,2019-11-19,2020-02-04,40
Hot day order,Carl's Jr - Green Burrito,2020-02-28,2020-05-20,45
Special grab order,LocoL,2019-12-29,2020-03-29,25
Cool grab snack,Dairy Cheer,2020-08-23,2020-09-19,40
Amazing holiday item,Circle Drive In,2020-01-28,2020-07-03,50
Crazy holiday snack,Arby's,2020-02-11,2020-09-08,25
Good day food,El Tarasco Mexican Food,2020-02-11,2020-07-23,35
Crazy grab order,name,2020-05-18,2020-08-05,15
Hot stay snack,Subway Sandwiches and Salads,2020-02-18,2020-06-28,40
Good quarantine meal,Carl's Jr. / Green Burrito,2020-06-12,2020-10-07,35
White vacay snack,Hot Dog on a Stick,2020-01-13,2020-04-08,15
White rest item,Carl's Jr.,2020-03-29,2020-06-15,55
Great home snack,Panera Bread,2020-02-19,2020-07-13,30
Great rest order,Red Robin Gourmet Burgers,2020-09-04,2020-09-05,30
Smart vacay meal,Dairy Queen Grill & Chill / Orange Julius,2020-10-07,2020-10-19,40
Great rest order,Zaxby's,2020-09-08,2020-10-27,55
Chill vacay food,Checker's Hamburgers,2019-11-07,2020-09-28,10
Hot vacay meal,Chick-fil-a,2020-04-02,2020-04-14,10
Blue quarantine item,Exxon,2019-12-12,2020-07-08,50
Good grab food,Hardee's / Red Burrito,2020-01-11,2020-05-26,5
Blue quarantine snack,Baja Fresh Mexican Grill,2019-11-02,2019-11-06,25
Smart vacay food,Jim Bob's Chicken Fingers,2020-09-13,2020-09-26,10
White stay snack,Port of Subs,2020-04-28,2020-05-31,25
Romantic day item,Starbucks,2020-03-20,2020-07-25,45
Special rest item,Gold Star Chili,2019-11-17,2020-10-10,10
Smart day food,Charlie Browns,2020-06-02,2020-07-31,45
Chill vacay food,Papagus Gyros,2019-12-16,2020-04-23,50
Chill day order,Arbys,2020-06-10,2020-07-21,15
Romantic holiday item,Petro's Chili & Chips,2019-11-06,2020-10-17,30
Great home order,A&w,2020-04-28,2020-07-03,45
Crazy holiday item,Your Healthy Habit,2020-06-21,2020-10-26,15
Blue home item,Garden Catering,2020-01-16,2020-06-22,25
Crazy stay order,Subway,2020-02-23,2020-03-20,55
Great holiday food,Kerby's Koney Island,2019-12-12,2020-02-13,30
Smart day food,Circle Drive In,2020-08-16,2020-09-05,25
Great rest meal,Jimmy John's,2019-12-11,2020-10-06,40
Great day order,Amigos/Kings Classic,2020-07-25,2020-08-16,45
Great home food,Pop-A-Nugget,2019-11-26,2020-05-31,5
Great holiday meal,Sonic,2019-11-10,2020-01-19,55
Special grab order,QDOBA Mexican Eats,2020-08-20,2020-09-05,35
Chill vacay order,JCW's,2019-12-03,2020-06-28,55
Good stay item,Fresh City,2020-04-05,2020-04-29,5
Great day snack,Chick-fil-a Orange Avenue,2020-03-08,2020-04-06,35
Blue day item,Crown Fried Chicken,2019-11-08,2019-12-25,50
Cool stay order,Amigos/Kings Classic,2019-11-18,2019-11-30,10
Cool stay item,Shloma Inc,2020-04-01,2020-08-24,20
Blue holiday snack,Tina's Carryout Restaurant,2019-11-30,2020-10-28,50
Romantic grab meal,El Paragua Restaurant,2020-05-02,2020-10-22,5
Great home snack,b.good,2019-11-26,2020-05-27,30
Good grab snack,Runza,2019-12-01,2020-10-22,5
White day meal,Mazatlan Mexican Restaurant,2020-09-15,2020-09-27,55
Perfect quarantine meal,Car's Late Night Delivery,2020-04-15,2020-09-06,25
Blue rest meal,Cookout,2020-03-20,2020-10-06,5
Good vacay snack,The Biscuit Factory,2019-11-13,2020-09-04,10
Hot stay snack,Pizza One,2019-11-18,2020-04-24,30
Hot day meal,Capriotti's Sandwich Shop,2020-03-09,2020-07-03,40
Super day food,Chick-fil-A,2020-07-25,2020-09-21,25
Super day order,Back Yard Burgers,2019-11-05,2020-03-07,15
Good grab order,Taco Time,2020-02-11,2020-10-27,30
Hot grab order,Greek Oven Pizza and Wings,2020-05-17,2020-08-23,50
White day item,Papa John’s Pizza,2020-01-13,2020-10-01,55
Great stay meal,Nick's Gyros,2020-07-01,2020-10-06,25
Smart grab snack,Schlotzsky's,2020-01-03,2020-09-23,50
Romantic home meal,Crystal Restaurant,2019-12-31,2020-04-02,55
Special day snack,Pacific Rim,2019-12-03,2020-07-31,40
Romantic quarantine food,Long John Silver's / A&W,2020-03-29,2020-10-11,35
Perfect vacay snack,Dairy Queen - Round Rock,2019-11-01,2020-06-28,55
Perfect stay item,BLIMPIE,2020-09-20,2020-10-07,20
Chill vacay food,Carls Jr. / Green Burrito,2019-12-09,2020-05-29,40
Blue home meal,In-N-Out Burger,2019-11-01,2020-02-21,15
Smart vacay snack,A & W Family Restaurant,2020-03-27,2020-10-04,35
White home item,Car's Late Night Delivery,2019-11-05,2020-03-29,20
Hot day snack,Isabella's Pizzeria,2019-12-28,2020-10-22,15
Smart quarantine snack,Gabby's Burgers & Fries,2020-05-16,2020-09-17,15
Cool stay food,Cafe Rio,2020-07-27,2020-08-23,45
Hot day food,Stars Drive-In,2019-11-16,2020-08-08,15
Blue day order,Omega Drive-In,2019-12-29,2020-06-25,55
Blue quarantine snack,Jack Pirtles Chicken,2019-12-04,2020-04-21,55
Hot vacay snack,Greek Oven Pizza and Wings,2019-11-18,2020-01-21,40
White grab food,Luby's,2020-01-18,2020-01-23,15
White vacay item,Taco Delight,2020-08-28,2020-09-07,25
White home food,Eldon Drive In,2020-03-26,2020-08-09,10
Hot day meal,Chick-fil-a Truett's Luau,2020-04-29,2020-06-24,5
Amazing rest food,The Flame Broiler,2019-11-08,2019-11-26,50
Amazing grab food,Raising Cane's Chicken Fingers,2020-05-11,2020-09-26,25
Hot stay item,Dual - Carls / Grn Burrito 1100654,2020-05-10,2020-09-28,20
Special home item,Seaside Eatery,2019-12-16,2020-05-24,30
Good rest meal,Tina's Carryout Restaurant,2020-02-13,2020-09-25,45
Great holiday snack,Meatheads,2020-09-16,2020-10-22,25
Chill stay item,Jim's Coney Island,2020-09-02,2020-10-26,45
Perfect stay order,Rapid Ray's,2020-01-04,2020-04-28,10
Chill holiday snack,Popeyes,2019-12-17,2020-06-28,30
Smart quarantine item,Papa Johns,2019-12-13,2020-06-18,35
Good rest meal,Tom's Drive In,2019-11-12,2020-03-11,40
White day item,Tom & Jerry's,2020-01-20,2020-09-26,50
White rest order,Shepard's Drive-In,2019-11-05,2019-11-30,10
Perfect quarantine meal,Hub City Express,2020-04-16,2020-09-26,40
Cool rest snack,Ball State Lafollette Dining,2019-12-02,2019-12-05,25
Hot rest order,SUBWAY,2019-12-03,2020-09-13,35
Blue holiday order,Popeyes Louisiana Kitchen,2019-12-15,2020-01-04,20
Special stay food,Rapid Ray's,2019-12-10,2020-10-11,35
Hot holiday snack,Aw Restaurant,2020-05-26,2020-06-11,10
Hot stay order,Ball State Lafollette Dining,2019-11-05,2020-10-20,40
Amazing home meal,Sunrise Cafe,2020-06-28,2020-09-06,15
Good day meal,Au Bon Pain,2019-11-15,2019-11-28,45
Romantic home food,Osgood's,2020-01-19,2020-03-11,20
Good holiday meal,BLIMPIE,2019-11-05,2020-01-12,40
Special vacay order,Sammy Carry-Out,2019-11-11,2020-04-29,5
Special holiday order,Nick's Burgers,2020-03-09,2020-06-15,15
White day meal,Mariu Kebabberia Gastronomica,2019-11-11,2020-05-11,50
Perfect home order,El Tarasco Mexican Food,2019-12-18,2020-02-23,30
Amazing holiday snack,Tom's Drive In,2019-11-06,2020-06-16,5
Super home snack,BGR - The Burger Joint,2020-04-12,2020-09-20,35
Special home order,Port of Subs,2019-11-17,2020-01-23,55
Smart stay snack,Breadeaux Pizza,2019-12-30,2020-09-27,45
Perfect grab food,Schlotzsky's,2020-06-13,2020-06-15,5
Super vacay food,Granny's Drive-In,2019-11-17,2020-01-05,15
Hot grab food,Hub City Express,2019-11-23,2020-01-24,5
Chill home snack,Good Times Burgers & Frozen Custard,2020-05-14,2020-09-25,20
Special home food,Arby's Antigo,2020-07-11,2020-10-17,30
Great stay food,Spangle's,2020-01-06,2020-05-23,5
Hot home order,Jersey Mike's Subs,2020-03-07,2020-06-14,45
Perfect quarantine snack,Captain D's,2020-02-29,2020-10-04,20
Blue grab snack,Foster's Freeze,2020-04-01,2020-10-22,10
Romantic stay food,Strongwater Spirits & Botanicals,2020-07-16,2020-07-23,5
Great rest meal,Topper's Pizza,2020-07-13,2020-09-09,10
Hot grab item,Integrated Therapy Specialists: Arnold D Larson,2020-03-17,2020-06-21,30
Good day food,Wienerschnitzel,2020-03-21,2020-08-04,55
Amazing day food,ShopRite,2020-05-31,2020-10-30,20
Special home food,Checker's,2020-08-17,2020-08-25,40
Cool vacay meal,Nino's Pizza,2020-05-04,2020-10-11,50
Amazing vacay food,Ivar's Seafood Bar,2020-07-27,2020-09-25,10
Great grab meal,Checker's,2020-02-07,2020-07-20,20
Blue day meal,Five Guys,2020-10-06,2020-10-11,55
Special day food,Simmies Arirang Hill Cheese Steak,2019-11-26,2020-03-20,5
Special quarantine meal,Circle Drive In,2019-11-22,2020-04-03,10
Blue vacay food,Kenny's Drive-In,2019-11-02,2020-05-02,5
Hot grab item,Baskin-Robbins,2020-05-01,2020-06-08,50
Smart holiday food,Smoothie King,2020-01-10,2020-09-26,15
Chill rest snack,Noodles & Company,2020-01-19,2020-09-04,30
Good stay item,Frugals,2019-12-10,2020-01-23,25
Good stay order,Dan's Seafood & Chicken,2019-11-07,2020-04-15,40
Hot vacay meal,Jason's Deli,2019-11-06,2020-06-12,35
Crazy stay order,Tom's Grill,2020-01-30,2020-04-21,20
Cool rest item,Port of Subs,2019-11-30,2020-03-11,50
Perfect stay item,Music City Subs,2020-06-18,2020-08-28,10
White rest meal,Waffle House,2020-02-10,2020-07-23,55
Amazing vacay food,Lenny's Sub Shop,2019-11-26,2020-02-18,10
Blue grab snack,Kenny's Drive-In,2020-01-18,2020-08-10,40
Smart rest meal,Bad Daddys Burger Bar,2019-11-08,2020-04-24,45
Hot stay order,Steak N Shake,2020-07-08,2020-10-13,55
Special rest food,Italian Pizzeria Restaurant,2019-11-06,2020-06-11,10
Great rest snack,Fatburger,2019-11-30,2020-06-28,40
Crazy holiday food,Penguin Point,2020-02-18,2020-08-16,50
Romantic stay meal,Carls Jr. / Green Burrito,2020-06-14,2020-08-29,5
Hot stay item,Jolly's Drive-In,2020-04-19,2020-10-05,40
Special day snack,Taco Time,2020-04-17,2020-06-15,20
Good rest order,Rancher's Roast Beef Inc.,2020-05-12,2020-08-12,50
White quarantine snack,Nathan's Famous,2020-07-04,2020-08-22,40
Blue quarantine order,Tellers Tap Room & Kitchen,2020-06-28,2020-08-16,50
Super vacay order,Taco Bueno,2020-06-08,2020-10-09,20
Romantic day snack,L&L Hawaiian Barbecue,2020-09-08,2020-10-15,45
Amazing rest item,Boston Market,2019-11-14,2020-05-05,25
Amazing stay order,Jimmy John's Gourmet Sandwiches,2019-12-11,2020-09-17,40
Smart rest food,Culver's,2020-07-31,2020-09-16,55
Amazing home meal,Richie's Restaurant,2020-07-19,2020-10-19,45
Special home snack,Thrasher's French Fries,2020-03-04,2020-07-02,55
Chill day food,Arbys,2019-11-28,2020-03-23,30
Special holiday food,Papa Gino's,2019-12-31,2020-07-25,45
Romantic rest order,Frisch's Big Boy,2020-03-28,2020-04-23,5
Smart day order,Roy Rogers,2020-02-24,2020-10-13,35
Hot day snack,Rich's Mighty Fine Burgers Grub,2020-03-20,2020-04-11,35
Hot holiday food,Mcdonald's - Walmart,2020-02-29,2020-10-04,50
Romantic vacay snack,Tom & Jerry's,2019-12-16,2020-10-06,45
Great rest food,Shepard's Drive-In,2019-12-17,2020-07-13,40
Smart home order,Chick-fil-a Orange Avenue,2020-02-20,2020-10-02,45
Amazing stay meal,Wingstop,2020-05-27,2020-09-15,35
Cool grab food,Bamboo Bistro,2019-12-12,2020-04-09,50
Good stay order,Roly Poly,2020-03-21,2020-08-15,40
Romantic holiday meal,Tellers Tap Room & Kitchen,2020-03-22,2020-10-10,15
Chill vacay meal,Mickey's Gyros & Ribs,2019-12-09,2020-06-02,20
Cool stay order,Dan's Seafood & Chicken,2020-03-20,2020-10-10,10
Special quarantine snack,Rich's Mighty Fine Burgers Grub,2020-03-22,2020-04-06,10
Amazing home item,Taco Cabana,2020-07-30,2020-08-31,10
Smart stay snack,name,2020-04-07,2020-09-23,5
Hot holiday snack,Yellow Cab Pizza Co.,2019-11-11,2020-05-02,25
Special day item,The Chicken Place,2020-07-04,2020-07-10,5
Amazing grab order,Hardees,2019-11-17,2020-08-16,30
Hot holiday item,Siam To Go,2019-12-03,2020-03-04,30
Great home item,Quick,2019-11-29,2019-12-22,15
Great home item,China King,2020-01-06,2020-02-14,55
Chill day order,Shloma Inc,2020-03-05,2020-06-15,10
Smart rest item,Firehouse Subs,2019-11-11,2020-03-25,35
Smart holiday item,Shepard's Drive-In,2020-08-27,2020-09-19,30
Smart day food,Woody's Sloppy Dogs,2020-01-23,2020-02-17,30
Hot stay order,Kentucky Fried Chicken,2020-02-13,2020-04-03,45
Amazing quarantine food,Wings And Philly,2020-07-17,2020-08-19,20
Special stay order,Northeastern State University,2020-06-08,2020-07-19,40
Amazing holiday item,Zip's Hamburgers And Fish,2020-06-01,2020-07-31,5
White stay order,31st Avenue Gyro,2020-03-27,2020-03-31,25
White day order,Circle Drive In,2020-01-11,2020-05-13,5
Special holiday food,Greyhound,2020-02-03,2020-08-05,55
Romantic stay order,Mcdonald's,2019-11-05,2020-08-04,5
Cool rest food,Sonic Drive-In,2020-04-08,2020-05-26,5
Blue home order,Checker's,2020-01-16,2020-10-22,15
White day food,L&l Hawaiian Barbecue,2019-12-03,2020-10-26,10
Chill stay order,Checker's Hamburgers,2019-11-09,2020-01-11,10
Romantic holiday order,China King Restaurant,2020-01-05,2020-09-24,20
Special day meal,Noodles & Company,2019-11-15,2020-02-11,20
Smart home item,Seaside Eatery,2019-12-29,2020-06-10,35
Super holiday item,Italian Pizzeria Restaurant,2020-01-16,2020-10-14,10
Perfect day item,DQ Woodlands,2019-12-12,2020-10-13,10
Hot quarantine meal,Braum's,2020-04-29,2020-05-21,10
Super vacay meal,Mr. Hero,2020-02-07,2020-03-23,25
Amazing quarantine snack,Jimmy John's,2020-02-10,2020-09-30,10
Good grab order,Mc Donald's,2019-11-30,2019-12-16,55
Chill day meal,L&L Hawaiian Barbecue,2020-02-10,2020-09-09,20
Super rest food,Chipotle Mexican Grill,2020-06-01,2020-08-31,55
Cool vacay item,Kim Lee Fast Food,2020-03-20,2020-10-20,40
Romantic day food,Jolly's Drive-In,2020-03-28,2020-10-17,50
Romantic day meal,Slim Chickens,2020-01-02,2020-03-16,20
Amazing stay snack,Hungry Andy's,2019-11-24,2020-01-03,25
Chill holiday order,Papa Johns Pizza,2020-02-23,2020-08-05,35
Perfect rest snack,Penn Station East Coast Subs,2020-09-20,2020-10-27,25
White grab meal,Strongwater Spirits & Botanicals,2020-01-26,2020-06-14,5
Cool home meal,Rush's,2020-08-08,2020-09-02,10
Special holiday item,Long John Silvers,2019-12-13,2020-04-02,25
Smart vacay food,Mario's Natural Roman Pizza,2020-05-03,2020-06-15,10
Special quarantine snack,Taco Mayo,2020-06-13,2020-08-23,20
Great quarantine food,Chick-fil-a Truett's Luau,2020-02-06,2020-04-15,15
Crazy holiday food,Handy's Lunch,2020-03-02,2020-03-22,40
Chill stay food,Bob Evans Restaurant,2019-12-17,2020-10-06,35
Special stay item,In-A-Tub,2020-01-16,2020-05-31,15
Good vacay meal,McLaren's Pantry,2019-11-30,2020-02-11,50
Perfect holiday snack,Wendy Two Two Eight,2020-02-02,2020-06-28,35
Blue quarantine meal,Skyline Chili,2020-06-13,2020-10-10,5
Smart vacay order,Smashburger,2020-06-17,2020-08-12,5
Smart vacay item,Crystal Restaurant,2019-11-30,2020-01-13,55
White grab food,Subway Citgo of Quarryville,2020-02-21,2020-04-11,30
Super vacay item,Kasa's Pizza,2019-12-09,2020-07-22,5
Blue grab snack,Taco Cabana,2020-02-29,2020-06-07,10
Great grab food,Zip's Hamburgers And Fish,2020-03-06,2020-06-20,15
Smart stay food,Good Times Burgers & Frozen Custard,2019-11-29,2020-04-25,25
Crazy grab meal,Garden Fast Food,2020-01-30,2020-06-08,30
Super vacay order,Grandy's,2020-04-22,2020-08-28,15
Great quarantine food,Tina's Carryout Restaurant,2019-11-21,2020-07-13,40
Perfect vacay meal,Original Tracks,2020-05-20,2020-08-27,45
Blue stay order,Lanesplitter Pizza & Pub,2019-11-20,2020-05-05,30
Smart stay order,Hardee's,2020-02-06,2020-07-27,45
Super day order,McLaren's Pantry,2020-04-06,2020-06-08,55
Hot grab item,KFC/Taco Bell,2019-11-08,2020-02-15,55
Smart stay snack,Captain D's Seafood,2020-06-20,2020-07-28,30
Great quarantine item,Cook Out,2019-11-12,2020-06-30,30
Amazing home food,Omega Drive-In,2020-04-28,2020-07-10,50
Hot rest food,Penn Station East Coast Subs,2019-12-26,2020-08-21,15
Special stay order,Braum's,2020-04-09,2020-07-02,25
Chill quarantine food,Circle Drive In,2019-12-16,2020-08-03,10
White vacay item,Cousins Subs of Green Bay - Oneida St. & Ramada Way,2020-01-29,2020-06-13,40
Romantic vacay meal,Chipotle Mexican Grill,2020-02-09,2020-05-09,25
Smart quarantine item,Little Caesar's Pizza Smithfield,2020-02-22,2020-06-14,15
Super rest meal,Dairy Freeze,2020-10-16,2020-10-22,15
Crazy quarantine item,Car's Late Night Delivery,2020-02-10,2020-10-09,45
Hot vacay snack,Bills Place,2020-03-11,2020-09-03,45
Cool quarantine snack,SUBWAY®,2019-11-26,2020-07-04,10
Great quarantine order,Pacific Rim,2020-05-11,2020-06-30,40
Super rest meal,Checker's,2020-07-07,2020-09-30,40
Great stay item,Braum's Ice Cream & Dairy Store,2019-11-16,2020-03-11,20
White holiday food,Tubby's Grilled Submarines,2020-07-13,2020-08-19,20
Amazing quarantine meal,Arbys,2019-12-30,2020-07-10,30
Chill day item,Yellow Cab Pizza Co.,2019-11-06,2020-10-13,40
Blue vacay food,Hotdoks,2020-04-28,2020-09-28,15
Blue holiday snack,Kennedy Fried Chicken & Pizza,2019-11-24,2020-10-17,5
Blue grab meal,Great Steak,2020-01-01,2020-10-20,35
Special grab food,Kenny's Drive-In,2019-11-10,2020-01-02,10
Chill holiday food,Flip Burger Bar,2020-05-21,2020-09-03,25
Great vacay order,Krystal,2019-11-07,2020-03-26,5
Crazy stay snack,Kings Contrivance Jewelers,2019-11-14,2020-09-26,15
Smart stay meal,Zip's Hamburgers And Fish,2019-12-13,2020-03-21,55
Good stay item,Carl's / Green Burrito,2019-11-10,2020-06-17,5
Crazy holiday meal,Pete's Burgers,2020-06-28,2020-07-13,20
Smart home order,Smoothie King,2019-12-09,2019-12-27,30
Chill grab food,Sunrise Cafe,2020-02-01,2020-06-02,15
Chill stay snack,Jimmy John's Gourmet Sandwiches,2020-01-06,2020-06-13,20
Amazing rest snack,Sammy Carry-Out,2019-12-04,2020-10-20,30
Perfect stay food,Fallguys Burger Company,2020-03-29,2020-07-01,20
Crazy day meal,Sensenig Poultry LLC,2020-07-10,2020-08-16,10
Cool quarantine order,The Great Steak & Potato Co.,2020-04-05,2020-05-20,25
Chill home order,Steak Escape,2020-06-07,2020-09-10,55
Blue stay food,Schlotzsky's,2020-02-17,2020-04-08,55
Amazing grab item,Dairy Isle,2020-02-02,2020-10-14,10
Perfect grab meal,Wingstop,2020-08-12,2020-08-22,20
Hot quarantine order,Taco John's,2020-03-15,2020-09-13,35
Good day meal,The Chicken Place,2020-06-28,2020-08-07,15
Chill grab snack,Raising Cane's Chicken Fingers,2019-11-29,2020-05-17,15
Special grab food,Convergence Zone,2020-03-29,2020-07-21,30
White home meal,Blimpie,2019-12-05,2020-07-18,10
Cool stay order,Blakes Lotaburger,2020-04-15,2020-04-22,20
Smart stay meal,Lion's Choice,2020-02-04,2020-09-15,10
White holiday item,Costa Vida Fresh Mexican Grill,2020-04-08,2020-09-28,20
Super grab snack,Mcdonald's,2020-01-13,2020-09-16,20
Smart home item,Domino's Pizza,2020-02-01,2020-05-24,15
Smart home order,Mazatlan Mexican Restaurant,2020-02-09,2020-08-25,40
Great quarantine food,Maui Tacos,2020-05-04,2020-05-05,55
Smart day meal,Jim Bob's Chicken Fingers,2019-12-25,2020-04-28,30
Special grab item,Great Steak And Potato Co,2020-01-25,2020-10-22,50
Super vacay food,Zip's Hamburgers And Fish,2019-12-30,2020-08-28,35
Hot stay food,Quizno's +,2019-12-15,2020-05-10,40
Perfect vacay food,Carl's Jr,2019-11-10,2019-12-17,15
Good stay order,Jamba Juice,2019-12-26,2020-05-19,50
Romantic grab item,Baker's Drive Thru,2019-11-11,2020-09-12,45
Super day order,Tubby's Grilled Submarines,2020-03-11,2020-04-28,5
Crazy quarantine meal,Carl's Jr.,2020-04-21,2020-08-04,35
Cool rest meal,Seaside Eatery,2020-06-23,2020-07-14,10
White home item,Church's Chicken,2020-09-30,2020-10-23,20
Chill home item,Sconecutter,2019-12-16,2020-01-29,5
Smart grab order,L&l Hawaiian Barbecue,2020-04-22,2020-10-20,55
Special grab meal,Cherry Hill Drive In Ice Cream,2020-06-30,2020-08-28,35
Great quarantine food,Coop DeVille,2020-01-02,2020-10-22,45
Chill quarantine food,Music City Subs,2020-07-24,2020-10-27,45
Special home item,Ny Chicken Fish,2020-07-14,2020-09-19,45
Good holiday meal,Back Yard Burgers,2020-05-04,2020-09-13,15
Romantic stay order,Chicago Union Station Food Court,2019-11-01,2020-07-20,50
Romantic grab order,Tom & Jerry's,2019-12-03,2020-02-14,55
Blue day order,Raising Cane's Chicken Fingers,2019-12-05,2020-06-06,50
Smart stay snack,Penn Station East Coast Subs,2020-07-02,2020-09-26,35
Great home food,Saladworks,2019-11-01,2020-01-03,50
Blue stay item,A&W Restaurant,2020-04-07,2020-07-08,35
Good grab food,D'Angelo Grilled Sandwiches,2020-02-13,2020-10-30,5
Romantic day meal,McDonald's,2020-02-01,2020-07-23,30
Amazing stay food,El Paragua Restaurant,2019-12-24,2020-06-18,40
Crazy home item,Luna Corner Pizza,2020-04-07,2020-08-28,5
Great vacay order,Dairy Isle,2020-05-20,2020-10-03,5
Good rest item,Port Of Subs,2020-02-15,2020-09-10,10
Great day meal,Mocha Express,2020-08-18,2020-10-20,20
Romantic vacay snack,Flip Burger Bar,2020-04-25,2020-05-29,50
Good grab food,Einstein Bros Bagels,2020-03-25,2020-05-12,25
White vacay meal,Arbys,2019-11-11,2020-07-11,20
Chill rest snack,Ivar's Seafood Bar,2019-11-12,2020-02-16,20
Good vacay snack,Jamjam,2020-04-19,2020-07-18,20
Chill quarantine order,Mcdonald's,2020-03-02,2020-04-11,15
Romantic quarantine food,Captain D's Seafood,2019-12-27,2020-05-06,45
Romantic quarantine item,Topper's Pizza,2019-11-30,2020-03-29,5
Romantic rest food,Teddy's Bigger Burgers,2019-12-05,2020-08-07,55
Cool home meal,Pei Wei,2020-09-13,2020-09-26,40
Smart vacay food,Islands Restaurant,2020-07-21,2020-09-23,45
Special holiday food,Burger's Landing,2020-05-31,2020-06-28,55
Chill vacay order,City Bites,2019-11-08,2020-08-02,45
Blue day snack,St Louis Original Hamburgers,2020-07-13,2020-09-03,15
Smart day meal,Nick's Burgers,2020-02-13,2020-05-31,25
Super vacay snack,McDonald's,2020-02-21,2020-09-12,45
Romantic vacay order,Slim Chickens,2020-04-04,2020-09-03,15
Amazing quarantine food,Ivar's Seafood Bar,2019-11-08,2020-09-22,35
Smart holiday item,Kerby's Koney Island,2020-02-06,2020-05-20,30
Amazing quarantine food,Sbarro,2020-03-15,2020-07-23,10
Amazing home item,Original Tracks,2020-05-20,2020-08-08,20
White vacay snack,KFC - Kentucky Fried Chicken,2020-01-11,2020-09-09,20
Romantic stay food,Kfc - Kentucky Fried Chicken,2020-10-16,2020-10-21,45
White home meal,Bravo Tacos,2019-11-15,2020-09-10,35
Special grab meal,Qdoba Mexican Grill,2019-12-09,2020-01-29,30
Crazy home snack,Sonic Drive-in (trailer),2020-02-16,2020-10-31,30
Hot day order,Hardee's,2020-06-15,2020-08-03,45
Super quarantine snack,Cookout,2020-02-22,2020-10-28,50
Crazy vacay item,BIG & little's Restaurant,2020-02-24,2020-10-12,25
Perfect stay snack,Rally's Springfield,2020-01-03,2020-04-21,40
Special rest meal,Mariu Kebabberia Gastronomica,2020-02-24,2020-10-01,20
Cool stay snack,World Wrapps,2020-04-19,2020-05-14,15
Cool vacay food,Omega Drive-In,2020-05-10,2020-10-16,45
Hot stay item,The Flame Broiler,2020-06-14,2020-08-31,5
Perfect grab item,Yum Brands Inc,2019-11-28,2020-07-31,45
Hot quarantine meal,Pal's Sudden Service,2020-04-24,2020-06-06,35
Good holiday order,Subway - Bell's Ferry,2020-02-09,2020-04-02,50
Hot home item,Panera Bread,2020-04-17,2020-08-31,50
Good day snack,Comilao Lanches Bakery,2020-03-07,2020-09-09,20
Hot day item,Mc Donald's,2019-11-19,2020-07-21,10
Blue vacay snack,P. Terry's,2020-02-15,2020-10-12,35
Super home food,Wings And Philly,2020-01-11,2020-08-28,5
Hot stay item,Home Town Buffet,2020-02-05,2020-07-21,45
Perfect rest order,Five Guys,2020-04-29,2020-10-06,45
Amazing holiday item,Sonic Drive-in (trailer),2020-02-06,2020-04-06,10
Romantic holiday meal,OMG! Rotisserie,2020-08-23,2020-09-23,50
Romantic day item,Nielsen's Frozen Custard,2020-06-12,2020-08-12,15
Chill holiday food,Farmer Boys,2020-04-04,2020-08-30,35
Blue quarantine order,Granny's Drive-In,2020-09-08,2020-09-24,50
Smart rest item,Dual - Carls / Grn Burrito 1100654,2020-04-04,2020-06-17,15
Amazing home meal,A&W/Long John Silvers,2019-12-22,2020-03-01,25
Perfect home item,AJ's Hotdogs & Gyros,2019-11-28,2020-09-25,10
White vacay meal,Quiznos,2020-03-26,2020-09-13,30
Hot vacay snack,Eagan's Drive-In,2019-12-19,2020-07-21,25
Amazing day order,Blake's Lotaburger,2019-11-12,2020-10-20,45
Cool day item,McDonalds,2020-02-06,2020-03-03,50
Smart holiday meal,Breadeaux Pizza,2020-02-15,2020-07-02,55
Cool day snack,A&W All-American Foods,2020-02-22,2020-02-24,50
Cool rest order,Papa John's,2019-11-08,2020-02-09,30
Cool vacay snack,SONIC Drive In,2020-02-15,2020-10-07,45
Super grab meal,Arbys,2020-06-12,2020-08-05,40
Great grab food,Steak-out,2019-12-19,2020-06-28,25
Blue vacay food,Pizza Express,2020-04-01,2020-06-10,25
Good quarantine meal,Burger King Salou,2019-11-05,2020-04-06,30
Crazy rest order,Bb&t,2020-07-13,2020-10-12,5
Blue day item,King Grill,2020-05-11,2020-06-18,55
Great quarantine item,The People Connection,2020-02-15,2020-04-01,55
Blue quarantine meal,Love's,2020-03-28,2020-07-18,35
Great day snack,Hungry Andy's,2019-12-16,2020-10-04,30
Chill stay meal,Charlie Browns,2020-07-24,2020-08-03,55
White rest order,World Wrapps,2019-12-09,2020-07-11,30
Good rest meal,Pop-A-Nugget,2020-05-16,2020-10-22,25
Romantic quarantine food,BGR - The Burger Joint,2019-11-10,2020-09-07,50
Cool grab snack,Geno's Fast Break,2020-06-08,2020-10-26,25
Crazy grab item,Wings And Philly,2020-04-02,2020-08-17,35
Great day item,Dairy Queen Grill & Chill,2020-02-06,2020-04-21,10
Chill home order,Bravo Tacos,2020-02-24,2020-09-16,35
Amazing stay meal,The Press Club,2020-05-26,2020-07-31,10
Cool quarantine food,KFC - Kentucky Fried Chicken,2020-01-09,2020-08-15,20
Super grab food,Port of Subs,2019-11-08,2019-12-09,55
Cool day item,Captain D's,2019-12-04,2020-03-22,10
Chill vacay item,Charleys Philly Steaks,2020-05-29,2020-10-19,50
Romantic rest order,Blake's LotaBurger,2020-06-05,2020-07-22,10
Amazing day snack,Coop DeVille,2020-02-06,2020-05-29,55
Romantic home food,A&w Restaurant,2019-11-17,2020-05-31,20
Crazy stay food,Costa Vida,2019-11-15,2020-10-15,15
Perfect home meal,Carls Jr,2020-04-09,2020-10-12,15
White stay meal,Wienerschnitzel,2020-02-22,2020-04-06,5
Hot quarantine meal,Kum Go,2019-11-17,2020-01-08,25
Perfect stay meal,Qdoba Mexican Grill,2020-03-26,2020-05-04,55
Cool stay food,BIG & little's Restaurant,2020-05-19,2020-06-11,10
Crazy stay item,Shoney's on the Go,2020-07-10,2020-08-08,35
Romantic home order,Lee's Famous Recipe Chicken,2019-12-15,2020-10-07,50
Special day order,Chick-fil-a Truett's Luau,2020-07-01,2020-09-30,5
Blue home snack,Fallguys Burger Company,2020-03-09,2020-10-22,45
Great quarantine food,Dairy Freeze,2020-09-07,2020-10-12,20
Cool rest item,Mcdonald's - Walmart,2020-02-18,2020-06-10,25
Blue rest item,Culvers,2020-06-20,2020-07-18,50
Romantic grab order,Checker's,2020-07-20,2020-09-28,30
Great vacay order,King Grill,2019-11-07,2019-11-11,50
Great quarantine food,Blake's LotaBurger,2019-12-13,2020-06-10,35
Perfect stay order,Wendys,2020-04-03,2020-05-31,25
Chill rest order,Skyline Chili,2020-07-10,2020-08-28,20
Crazy rest snack,Yum Brands Inc,2020-06-29,2020-10-22,25
Crazy grab order,Peking Wok,2020-08-16,2020-09-10,40
White quarantine food,AJ's Hotdogs & Gyros,2020-04-02,2020-05-01,45
Super vacay meal,Church's Chicken,2019-12-05,2020-05-06,50
Cool holiday snack,Checker's,2020-05-22,2020-08-11,45
Super grab food,Moe's Southwest Grill,2020-06-10,2020-07-10,10
Amazing vacay snack,Cook-Out,2020-04-29,2020-10-21,30
Crazy quarantine food,Au Bon Pain,2020-07-21,2020-10-15,55
Super day order,Osgood's,2020-01-02,2020-05-26,50
Blue home snack,Bobby's Burger Palace,2020-04-06,2020-09-26,10
Smart quarantine meal,Lime Ricky World,2020-01-20,2020-07-06,5
Hot grab food,Carl's Jr.,2019-11-23,2020-01-13,30
Hot home order,Custard Hut & Pizza,2019-11-12,2020-01-20,50
Chill holiday item,Charkies,2020-03-20,2020-05-17,45
Smart stay meal,Dairy Queen Grill & Chill,2019-11-09,2019-12-28,30
White rest item,Eagan's Drive-In,2020-07-01,2020-09-10,20
Hot rest order,Everest,2020-09-26,2020-10-30,5
Hot holiday item,Ivar's Seafood Bar,2020-03-29,2020-10-05,25
Blue home order,Tom & Jerry's,2019-12-04,2020-10-11,55
Smart rest item,Coop DeVille,2020-02-04,2020-04-17,15
Blue vacay order,Spangle's,2020-05-17,2020-10-22,55
Romantic stay item,Pita Pit,2020-01-13,2020-02-19,30
Chill holiday item,City Bites,2020-05-25,2020-07-14,40
Perfect holiday food,Arctic Circle,2020-05-21,2020-09-16,10
Perfect vacay meal,Rubio's,2020-03-24,2020-05-13,20
Crazy day snack,BIG & little's Restaurant,2020-05-04,2020-09-20,20
White day snack,B. Good,2020-06-17,2020-06-26,40
Special holiday snack,Roy Rogers,2020-08-28,2020-10-21,5
Blue vacay meal,Mr Char-Burger,2019-11-02,2019-11-28,40
Great stay snack,Popeye's,2020-03-20,2020-08-24,25
Smart rest meal,Port of Subs,2020-04-09,2020-08-30,40
Crazy quarantine meal,Rush's,2020-06-15,2020-10-03,5
Crazy holiday item,Backyard Burgers,2019-11-01,2020-09-25,20
Blue home item,Bb&t,2020-02-18,2020-09-26,55
Smart vacay snack,Cousins Subs of Green Bay - Oneida St. & Ramada Way,2020-01-24,2020-02-06,55
Blue stay snack,DQ Woodlands,2020-03-20,2020-08-11,30
Cool quarantine item,Baskin-Robbins,2020-04-06,2020-09-11,35
Great rest food,Papa John's Pizza,2020-03-22,2020-09-23,10
Amazing vacay food,Woody's Sloppy Dogs,2019-12-15,2020-10-17,45
Crazy grab meal,Einstein Bros Bagels,2020-07-13,2020-10-17,10
Special grab snack,Dairy Queen Grill & Chill / Orange Julius,2019-11-10,2020-09-16,20
Smart stay meal,Chick-fil-A,2020-01-06,2020-06-07,20
Super quarantine meal,Popeyes Louisiana Kitchen,2019-11-18,2020-05-31,50
Good home order,Love's,2020-01-12,2020-01-26,30
Romantic home meal,Pal's Sudden Service,2020-05-05,2020-06-22,30
Special day order,Subway (johnson) @ Jonesboro,2020-03-02,2020-09-05,45
Amazing stay food,Blimpie,2019-11-15,2019-12-25,40
Amazing stay order,Charleys Philly Steaks,2020-04-14,2020-05-17,50
Cool day snack,JCW's,2020-02-29,2020-06-20,35
Chill day order,Cousins Subs,2019-11-19,2019-12-16,15
Perfect vacay item,Mariu Kebabberia Gastronomica,2020-06-12,2020-06-30,50
Cool rest food,Long John Silvers,2020-04-08,2020-08-23,55
Blue day meal,Whataburger,2020-03-20,2020-09-06,45
Romantic vacay food,Charkies,2019-11-15,2020-03-20,45
Blue rest food,China King,2020-02-24,2020-04-15,45
Smart rest snack,Crystal Restaurant,2020-01-28,2020-03-16,45
Perfect day meal,Twisters,2019-11-17,2020-01-10,55
Perfect home order,7-11,2019-11-03,2020-04-29,30
Good vacay snack,31st Avenue Gyro,2020-04-11,2020-04-25,30
Romantic stay order,Fab Wings N Burgers,2020-02-07,2020-07-04,40
Romantic rest snack,Skyline Chili,2020-05-21,2020-09-16,10
Great grab meal,Char-Grill,2020-02-22,2020-04-01,35
Perfect quarantine food,Costa Vida,2020-06-04,2020-10-22,45
Special holiday order,D'angelo Grilled Sandwiches,2020-03-06,2020-04-11,40
Super vacay order,Red Robin Gourmet Burgers,2019-11-09,2020-06-12,35
Hot quarantine order,Eagan's Drive-In,2019-12-16,2020-10-27,10
Hot home meal,Wienerschnitzel,2019-11-30,2020-07-08,40
Blue holiday item,Subway Guitars,2020-09-25,2020-09-30,20
Special quarantine item,Slim Chickens,2020-05-29,2020-06-15,35
Smart quarantine food,Wingstop,2019-12-17,2020-03-08,5
Special rest item,Twisters,2019-12-25,2020-08-28,30
Perfect rest item,Blake's Lotaburger,2019-11-26,2020-02-22,30
Hot stay meal,Rich's Mighty Fine Burgers Grub,2020-03-16,2020-09-05,15
Chill stay snack,The People Connection,2020-09-25,2020-10-12,5
Cool day food,Tellers Tap Room & Kitchen,2020-01-31,2020-05-29,40
Good day meal,Port Of Subs,2020-07-29,2020-08-05,25
Super rest order,Chicago Union Station Food Court,2020-01-11,2020-07-03,5
Amazing home snack,Tudor's Biscuit World,2020-05-14,2020-08-08,15
Romantic holiday food,LocoL,2020-02-29,2020-03-22,10
Special quarantine item,Rally's,2020-07-31,2020-10-01,20
White grab order,Sunrise Cafe,2020-03-29,2020-09-16,50
Perfect rest order,Sconecutter,2020-03-22,2020-04-28,25
Super vacay order,Famous Dave's,2019-12-28,2020-09-26,50
Hot vacay snack,Tubby's Grilled Submarines,2020-03-16,2020-07-26,10
Hot holiday order,Windmill Gourmet Fast Foods,2020-04-25,2020-10-07,55
Crazy stay order,Subway Guitars,2019-11-10,2020-07-10,25
Great rest snack,Eagan's Drive-In,2019-11-01,2020-09-07,50
Good vacay snack,El Tarasco Mexican Food,2019-11-08,2020-09-13,25
Special home meal,BIG & little's Restaurant,2019-11-23,2020-09-27,55
Special rest item,Crispy Chicken & Seafood,2019-11-17,2020-05-02,10
Hot vacay snack,Boston Market 381,2020-02-24,2020-07-08,30
Hot quarantine item,Toppers Pizza,2020-06-17,2020-08-30,25
Amazing home meal,Moe's Original Bar B Que,2019-12-19,2020-09-13,35
Cool vacay meal,Foster's Freeze,2019-12-01,2020-04-18,25
Blue holiday item,The Break Away Sports Cafe,2019-11-17,2020-09-28,15
Special grab item,LocoL,2020-10-17,2020-10-26,25
White holiday snack,Arby's,2020-01-03,2020-07-02,45
Hot vacay food,Pizza Hut Wingstreet,2020-07-16,2020-08-29,25
Great day item,Maria's Fry Bread & Mexican Food,2019-11-14,2020-01-23,55
Cool stay snack,Capriotti's Sandwich Shop,2019-11-01,2019-11-15,35
Romantic home meal,Taqueria,2020-04-08,2020-06-12,15
Great grab item,Mcdonald's #25557,2020-02-03,2020-10-20,25
Blue stay food,Granny's Drive-In,2020-01-05,2020-02-20,15
Smart holiday food,Omelette House,2020-05-10,2020-07-07,35
Great rest food,Pop-A-Nugget,2020-09-11,2020-09-23,55
Amazing quarantine snack,Subway - Bell's Ferry,2020-05-23,2020-06-18,30
Blue holiday snack,Culvers,2020-02-15,2020-05-26,45
Super vacay meal,Taco Del Mar,2020-08-16,2020-10-05,40
Great stay food,Thrasher's French Fries,2019-11-16,2020-05-04,10
Chill vacay snack,Subway Sandwiches,2020-05-10,2020-10-11,30
Amazing grab meal,Taco Delight,2019-12-27,2020-10-02,45
Amazing stay snack,Bamboo Bistro,2020-03-11,2020-10-07,30
Hot home food,Kings Contrivance Jewelers,2020-03-20,2020-05-22,45
Cool home item,Tropical Smoothie Cafe,2019-11-17,2020-08-11,50
Great rest item,Jimmy Johns,2020-02-06,2020-04-27,40
Blue vacay food,Dual - Carls / Grn Burrito 1100654,2020-03-01,2020-10-26,25
Special vacay order,KFC - Kentucky Fried Chicken,2020-02-24,2020-04-29,15
Crazy day item,Nick's Gyros,2020-10-11,2020-10-16,15
Great stay food,31st Avenue Gyro,2020-07-02,2020-10-08,55
Amazing grab meal,Frugals,2020-06-02,2020-09-13,50
Special stay food,name,2020-04-03,2020-04-21,35
Perfect day item,Lenny's Sub Shop,2020-02-29,2020-09-25,25
Crazy home order,Chipotle Mexican Grill,2019-12-27,2020-10-11,5
Hot home snack,Hardee's / Red Burrito / Dough Boys,2020-03-21,2020-10-22,40
Perfect vacay order,McDonalds,2019-11-26,2020-09-12,50
Smart rest food,Little Caesar's Pizza Smithfield,2020-04-09,2020-06-30,55
Good holiday meal,Fazoli's,2020-01-24,2020-08-28,40
Hot stay item,Hot Dog On A Stick,2020-02-19,2020-07-21,40
Cool vacay meal,Pollo Tropical,2020-06-28,2020-09-30,35
Amazing holiday food,Dual - Carls / Grn Burrito 1100654,2020-03-21,2020-07-31,50
Great vacay snack,Mcalister's Deli,2020-02-14,2020-10-06,15
Cool day snack,Siam To Go,2020-01-13,2020-06-06,35
Romantic vacay item,Aw Restaurant,2020-01-11,2020-08-04,35
Hot stay food,Nino's Pizza,2020-04-05,2020-05-06,35
Perfect day snack,Alice's,2020-02-23,2020-06-02,15
Great vacay meal,Mariu Kebabberia Gastronomica,2020-03-02,2020-04-16,30
Chill quarantine meal,Subway Guitars,2020-01-30,2020-04-14,40
Crazy rest meal,Cody's Cafe,2019-11-30,2019-12-16,5
Good vacay snack,China Buddha Inn II,2020-03-05,2020-07-04,10
Chill day food,OMG! Rotisserie,2020-01-24,2020-02-18,20
Amazing rest meal,Pei Wei,2020-02-24,2020-05-26,35
Crazy day order,Hoka Hoka Bento,2020-06-30,2020-09-29,30
White home snack,Hoka Hoka Bento,2019-12-26,2020-09-19,50
Super home item,Snack Shack,2019-11-03,2020-03-11,10
Perfect home food,OMG! Rotisserie,2020-05-14,2020-07-18,10
Smart grab food,A&W All American Food,2020-01-15,2020-07-20,5
Blue vacay order,Blondies,2019-11-10,2020-05-10,50
Great holiday snack,Hunam Garden,2020-01-23,2020-04-12,55
Good home snack,Burgerville,2019-12-25,2020-04-02,30
Great home snack,Bamboo Bistro,2020-07-07,2020-07-23,35
Great quarantine item,Wings N' More Wings,2020-07-21,2020-07-27,30
Super day meal,White Castle,2020-04-06,2020-05-21,45
Great holiday meal,South-A-Philly Steaks and Hoagies,2019-11-22,2019-12-27,30
Chill stay item,Subway Citgo of Quarryville,2019-12-04,2020-07-21,10
White grab food,Mc Donalds,2020-10-19,2020-10-22,30
Super day meal,KFC,2019-12-28,2020-08-05,40
Cool vacay item,Baja Fresh,2019-12-12,2019-12-30,25
Cool vacay food,Jim's Coney Island,2019-11-18,2019-12-29,45
Good quarantine meal,Mcdonalds,2020-05-13,2020-09-25,40
Great rest food,Jamba Juice,2019-12-21,2020-04-29,30
Special quarantine meal,Blakes Lotaburger,2020-10-15,2020-10-22,35
Romantic grab meal,Wings N' More Wings,2020-04-11,2020-05-29,30
Blue stay snack,Baskin-Robbins,2020-03-06,2020-05-26,20
Blue quarantine food,Subway,2020-02-20,2020-03-20,20
White vacay meal,Pick Up Stix,2020-02-09,2020-04-17,5
Blue home item,B. Good,2020-01-07,2020-01-26,10
White vacay food,Everest,2020-01-06,2020-04-24,55
Special vacay order,B Z Breakfast Burgers Beyond,2020-08-19,2020-10-22,55
White quarantine snack,Pop-A-Nugget,2020-02-02,2020-04-14,15
Hot holiday food,Penn Station East Coast Subs,2020-06-08,2020-07-21,20
Crazy quarantine snack,BGR - The Burger Joint,2019-11-30,2020-02-26,30
White grab order,Checker's Hamburgers,2020-08-16,2020-09-25,35
Crazy rest snack,Chick-fil-a Orange Avenue,2020-06-05,2020-06-15,10
Super grab food,DQ Grill & Chill,2020-03-03,2020-06-05,20
Good vacay item,Subway Sandwiches,2019-12-10,2020-08-25,50
Good holiday order,Pizza Hut Wingstreet,2020-07-08,2020-10-17,55
Smart rest meal,QDOBA Mexican Eats,2019-12-28,2020-02-10,20
Cool holiday snack,Taco Bell/Pizza Hut Express,2020-02-13,2020-09-05,55
Cool holiday meal,Great Steak And Potato Co,2020-07-11,2020-10-05,50
Blue rest order,Mazatlan Mexican Restaurant,2019-11-10,2020-05-25,15
Chill day item,Chipotle Mexican Grill,2019-12-05,2020-02-18,50
Cool vacay snack,City Bites,2020-02-07,2020-07-11,35
Crazy day snack,L&L Hawaiian Barbecue,2019-12-18,2020-04-09,15
Romantic day item,Cook-Out,2020-03-29,2020-06-14,35
Super rest food,Cherry Hill Drive In Ice Cream,2020-06-05,2020-06-12,45
Special day item,Tellers Tap Room & Kitchen,2019-12-16,2020-08-11,35
Blue rest order,Jollibee,2020-05-10,2020-10-17,35
White day meal,BIG & little's Restaurant,2020-01-14,2020-06-06,20
Perfect holiday meal,Islands Restaurant,2019-11-17,2020-10-11,25
Good day food,Bob Evans Restaurant,2019-11-06,2020-10-26,10
Good vacay order,Zip's Hamburgers And Fish,2020-03-04,2020-06-04,30
Perfect rest food,Maria's Fry Bread & Mexican Food,2019-12-11,2020-07-10,55
Crazy holiday food,Music City Subs,2020-02-02,2020-06-12,10
Super day order,Italian Pizzeria Restaurant,2019-12-26,2020-08-23,55
Amazing quarantine order,Hometown Buffet,2019-11-11,2020-08-19,50
Blue grab snack,Pop-A-Nugget,2020-10-13,2020-10-27,45
Cool quarantine meal,Auntie Anne's,2019-12-09,2020-05-20,45
White rest food,Cody's Cafe,2020-03-31,2020-07-04,50
Hot rest item,Popeye's Chicken,2020-05-22,2020-06-11,40
Chill stay snack,Bb&t,2019-11-25,2020-07-18,40
White stay order,Paesano's,2020-06-05,2020-08-12,5
Great stay order,Cinnabon,2020-09-20,2020-10-24,10
Blue vacay meal,Simmies Arirang Hill Cheese Steak,2020-03-15,2020-08-08,35
Good day order,Jimmy John's Gourmet Sandwiches,2019-12-19,2020-06-14,10
Hot vacay food,Isabella's Pizzeria,2020-04-16,2020-06-14,20
Perfect vacay food,Dairy Queen - Round Rock,2020-06-11,2020-06-14,25
Cool home meal,Schlotzsky's,2019-11-15,2019-11-17,15
White stay order,Islands Restaurant,2020-06-09,2020-10-23,10
Perfect stay order,Panda,2020-03-06,2020-04-11,20
Cool rest order,Hot Dog On A Stick,2019-12-03,2020-09-08,5
Special stay meal,Tom's Grill,2020-07-24,2020-09-12,35
Great stay food,Steak-out,2020-01-09,2020-07-27,15
White rest snack,Chris' Drive-In,2020-05-29,2020-09-06,40
Blue stay order,Lee's Oriental Martial Arts,2020-05-10,2020-08-27,30
Cool quarantine meal,Royal Buffet,2020-02-09,2020-08-03,50
Special holiday item,Taco Bueno,2020-08-17,2020-10-17,40
Perfect vacay snack,Runza,2020-05-26,2020-06-29,25
Blue holiday meal,Whataburger,2020-02-19,2020-04-23,20
Chill stay item,Hermosa,2020-07-21,2020-09-11,10
Perfect grab meal,Chuck Wagon,2020-01-13,2020-02-21,55
White grab item,Smoothie King,2019-11-05,2020-10-22,15
Cool rest snack,Boston Market,2019-11-01,2020-01-02,45
Blue holiday meal,Mario's Natural Roman Pizza,2019-11-12,2020-07-13,25
Smart vacay meal,Handy's Lunch,2019-12-25,2020-06-15,25
Romantic grab food,Baskin-Robbins,2020-06-02,2020-08-07,30
Good rest order,D'Angelo Grilled Sandwiches,2020-01-13,2020-03-26,55
Hot grab meal,Ny Chicken Fish,2020-05-13,2020-05-15,25
Super day food,Dunkin' Donuts,2020-02-21,2020-10-24,20
Crazy rest meal,In-A-Tub,2020-04-23,2020-09-02,30
Romantic rest snack,Burgerville,2020-01-12,2020-04-02,20
Special stay order,P. Terry's,2020-06-16,2020-06-23,25
Good quarantine item,Famous Dave's,2020-10-17,2020-10-18,20
Perfect holiday snack,Dual - Carls / Grn Burrito 1100654,2020-02-28,2020-10-17,50
Chill rest food,Richie's Restaurant,2020-05-10,2020-05-22,40
Chill quarantine snack,Custard Hut & Pizza,2020-06-20,2020-10-10,50
Chill grab snack,Chick-fil-a Superstition Springs Center,2020-05-11,2020-10-07,40
Good vacay meal,Integrated Therapy Specialists: Arnold D Larson,2019-11-01,2019-11-24,15
Special stay food,Boston Chowda Company,2020-01-28,2020-05-06,35
Blue day food,Dairy Isle,2020-03-14,2020-08-16,20
Perfect day meal,Wingstreet,2020-02-15,2020-03-20,5
Special home order,LocoL,2020-04-29,2020-05-06,25
Good day food,Scoopers,2020-04-01,2020-05-25,30
Hot rest food,The Break Away Sports Cafe,2020-04-17,2020-09-27,15
Chill stay item,Subway (johnson) @ Jonesboro,2020-05-29,2020-07-30,40
Crazy quarantine item,A&W All-American Food,2020-02-23,2020-10-12,55
Chill quarantine order,Chick-fil-A,2020-09-25,2020-10-19,25
Blue vacay snack,Chickenow,2019-11-18,2020-06-09,50
Amazing rest food,Mazatlan Mexican Restaurant,2019-11-12,2020-02-18,35
Great grab meal,Chickenow,2020-02-22,2020-09-23,5
Cool grab item,Cinnabon,2020-03-14,2020-05-26,35
Good grab snack,Five Guys,2020-06-18,2020-07-13,10
Perfect day meal,Chipotle Mexican Grill,2020-05-02,2020-09-08,40
Great day item,Krystal,2019-12-01,2020-02-07,35
Great holiday meal,Fosters Freeze,2020-05-25,2020-08-10,50
Cool day food,Raising Cane's Chicken Fingers,2020-06-27,2020-09-20,35
Romantic home food,J J Fish and Chicken,2020-04-05,2020-06-16,50
Perfect rest meal,Dino's Gyros,2019-11-05,2020-02-09,5
Crazy home order,Iceberg Drive Inn,2020-06-17,2020-09-28,10
Romantic quarantine item,Sonic Drive In,2020-02-06,2020-07-24,35
Great day meal,Loco Moco Drive-Inn,2019-12-16,2020-04-11,30
Perfect vacay food,Port of Subs,2019-11-23,2020-03-09,40
White quarantine order,Froots,2020-01-12,2020-02-15,55
Cool vacay order,Ziti's Italian Express,2019-11-26,2020-09-12,5
White vacay meal,Spangle's,2020-03-22,2020-04-23,5
Amazing grab food,Mcdonalds,2020-02-19,2020-06-17,45
Perfect vacay meal,Sunrise Cafe,2020-05-20,2020-06-17,10